  Electric Conductivity = 0
!  (name is H-B, but values are in B-H format)
  H-B Curve = Variable coupled iter
    Real Monotone Cubic 
      0	0
      0.10	74.7
      0.20	97.5
      0.30	110
      0.40	120
      0.50	130
      0.60	140
      0.70	150
      0.80	162
      0.90	175
      1.00	190
      1.10	208
      1.20	227
      1.30	265
      1.40	366
      1.50	633
      1.60	1490
      1.70	3670
      1.80  7420
      1.90  13000
      2.0   21000
      2.1   34000
      2.2   55000
      2.3   88000
      2.4   140000
      2.5   220000
      2.6   349000
      2.7   550000
      2.8   860000
      2.9   1350000
      3.0	2200000	
      4.0	60000000
    End
