     4.2, 0.043933128
     4.7, 0.045563707
     5.2, 0.047027066
     5.7, 0.048359306
     6.2, 0.049587148
     6.7, 0.050730773
     7.2, 0.051805688
     7.7, 0.052823984
     8.2, 0.053795213
     8.7, 0.054727003
     9.2, 0.055625507
     9.7, 0.056495733
    10.2, 0.057341786
    10.7, 0.058167052
    11.2, 0.058974344
    11.7, 0.05976601
    12.2, 0.060544017
    12.7, 0.061310024
    13.2, 0.062065429
    13.7, 0.062811419
    14.2, 0.063549003
    14.7, 0.06427904
    15.2, 0.065002261
    15.7, 0.065719294
    16.2, 0.066430674
    16.7, 0.067136861
    17.2, 0.067838247
    17.7, 0.068535169
    18.2, 0.069227917
    18.7, 0.069916738
    19.2, 0.070601842
    19.7, 0.071283412
    20.2, 0.0719616
    20.7, 0.072636539
    21.2, 0.073308339
    21.7, 0.073977094
    22.2, 0.074642883
    22.7, 0.075305773
    23.2, 0.075965818
    23.7, 0.076623065
    24.2, 0.077277549
    24.7, 0.0779293
    25.2, 0.078578343
    25.7, 0.079224695
    26.2, 0.079868371
    26.7, 0.080509379
    27.2, 0.081147727
    27.7, 0.081783417
    28.2, 0.082416452
    28.7, 0.083046831
    29.2, 0.083674551
    29.7, 0.084299609
    30.2, 0.084922
    30.7, 0.085541719
    31.2, 0.086158759
    31.7, 0.086773113
    32.2, 0.087384776
    32.7, 0.08799374
    33.2, 0.088599997
    33.7, 0.089203542
    34.2, 0.089804366
    34.7, 0.090402462
    35.2, 0.090997826
    35.7, 0.091590449
    36.2, 0.092180328
    36.7, 0.092767455
    37.2, 0.093351826
    37.7, 0.093933437
    38.2, 0.094512284
    38.7, 0.095088362
    39.2, 0.09566167
    39.7, 0.096232204
    40.2, 0.096799962
    40.7, 0.097364943
    41.2, 0.097927145
    41.7, 0.098486569
    42.2, 0.099043214
    42.7, 0.099597082
    43.2, 0.10014817
    43.7, 0.10069649
    44.2, 0.10124203
    44.7, 0.1017848
    45.2, 0.1023248
    45.7, 0.10286203
    46.2, 0.10339651
    46.7, 0.10392823
    47.2, 0.1044572
    47.7, 0.10498342
    48.2, 0.10550689
    48.7, 0.10602764
    49.2, 0.10654565
    49.7, 0.10706094
    50.2, 0.10757351
    50.7, 0.10808338
    51.2, 0.10859054
    51.7, 0.10909501
    52.2, 0.1095968
    52.7, 0.1100959
    53.2, 0.11059234
    53.7, 0.11108613
    54.2, 0.11157726
    54.7, 0.11206575
    55.2, 0.11255161
    55.7, 0.11303485
    56.2, 0.11351547
    56.7, 0.1139935
    57.2, 0.11446894
    57.7, 0.1149418
    58.2, 0.11541209
    58.7, 0.11587982
    59.2, 0.11634501
    59.7, 0.11680766
    60.2, 0.11726778
    60.7, 0.1177254
    61.2, 0.11818051
    61.7, 0.11863314
    62.2, 0.11908329
    62.7, 0.11953097
    63.2, 0.11997621
    63.7, 0.120419
    64.2, 0.12085936
    64.7, 0.12129731
    65.2, 0.12173286
    65.7, 0.12216601
    66.2, 0.12259678
    66.7, 0.12302519
    67.2, 0.12345125
    67.7, 0.12387496
    68.2, 0.12429635
    68.7, 0.12471542
    69.2, 0.12513219
    69.7, 0.12554667
    70.2, 0.12595887
    70.7, 0.12636881
    71.2, 0.12677649
    71.7, 0.12718194
    72.2, 0.12758516
    72.7, 0.12798617
    73.2, 0.12838498
    73.7, 0.1287816
    74.2, 0.12917605
    74.7, 0.12956833
    75.2, 0.12995847
    75.7, 0.13034647
    76.2, 0.13073234
    76.7, 0.13111611
    77.2, 0.13149777
    77.7, 0.13187735
    78.2, 0.13225486
    78.7, 0.13263031
    79.2, 0.1330037
    79.7, 0.13337507
    80.2, 0.13374441
    80.7, 0.13411174
    81.2, 0.13447707
    81.7, 0.13484042
    82.2, 0.13520179
    82.7, 0.1355612
    83.2, 0.13591866
    83.7, 0.13627419
    84.2, 0.13662779
    84.7, 0.13697948
    85.2, 0.13732927
    85.7, 0.13767717
    86.2, 0.13802319
    86.7, 0.13836735
    87.2, 0.13870966
    87.7, 0.13905012
    88.2, 0.13938876
    88.7, 0.13972558
    89.2, 0.14006059
    89.7, 0.1403938
    90.2, 0.14072524
    90.7, 0.1410549
    91.2, 0.1413828
    91.7, 0.14170895
    92.2, 0.14203337
    92.7, 0.14235605
    93.2, 0.14267702
    93.7, 0.14299629
    94.2, 0.14331386
    94.7, 0.14362975
    95.2, 0.14394397
    95.7, 0.14425653
    96.2, 0.14456743
    96.7, 0.1448767
    97.2, 0.14518434
    97.7, 0.14549035
    98.2, 0.14579476
    98.7, 0.14609758
    99.2, 0.1463988
    99.7, 0.14669845
   100.2, 0.14699653
   100.7, 0.14729305
   101.2, 0.14758803
   101.7, 0.14788147
   102.2, 0.14817339
   102.7, 0.14846378
   103.2, 0.14875267
   103.7, 0.14904007
   104.2, 0.14932597
   104.7, 0.1496104
   105.2, 0.14989336
   105.7, 0.15017486
   106.2, 0.15045491
   106.7, 0.15073352
   107.2, 0.15101069
   107.7, 0.15128645
   108.2, 0.1515608
   108.7, 0.15183374
   109.2, 0.15210529
   109.7, 0.15237545
   110.2, 0.15264424
   110.7, 0.15291166
   111.2, 0.15317772
   111.7, 0.15344243
   112.2, 0.1537058
   112.7, 0.15396784
   113.2, 0.15422855
   113.7, 0.15448795
   114.2, 0.15474604
   114.7, 0.15500284
   115.2, 0.15525834
   115.7, 0.15551256
   116.2, 0.15576551
   116.7, 0.15601719
   117.2, 0.15626762
   117.7, 0.15651679
   118.2, 0.15676473
   118.7, 0.15701143
   119.2, 0.1572569
   119.7, 0.15750116
   120.2, 0.15774421
   120.7, 0.15798606
   121.2, 0.15822671
   121.7, 0.15846618
   122.2, 0.15870446
   122.7, 0.15894157
   123.2, 0.15917752
   123.7, 0.15941232
   124.2, 0.15964596
   124.7, 0.15987846
   125.2, 0.16010982
   125.7, 0.16034006
   126.2, 0.16056918
   126.7, 0.16079718
   127.2, 0.16102408
   127.7, 0.16124987
   128.2, 0.16147457
   128.7, 0.16169819
   129.2, 0.16192073
   129.7, 0.16214219
   130.2, 0.16236259
   130.7, 0.16258193
   131.2, 0.16280022
   131.7, 0.16301746
   132.2, 0.16323366
   132.7, 0.16344883
   133.2, 0.16366298
   133.7, 0.1638761
   134.2, 0.16408821
   134.7, 0.16429931
   135.2, 0.16450941
   135.7, 0.16471852
   136.2, 0.16492664
   136.7, 0.16513377
   137.2, 0.16533993
   137.7, 0.16554512
   138.2, 0.16574934
   138.7, 0.1659526
   139.2, 0.16615491
   139.7, 0.16635628
   140.2, 0.1665567
   140.7, 0.16675619
   141.2, 0.16695474
   141.7, 0.16715238
   142.2, 0.16734909
   142.7, 0.1675449
   143.2, 0.16773979
   143.7, 0.16793378
   144.2, 0.16812688
   144.7, 0.16831909
   145.2, 0.16851041
   145.7, 0.16870085
   146.2, 0.16889042
   146.7, 0.16907911
   147.2, 0.16926695
   147.7, 0.16945392
   148.2, 0.16964004
   148.7, 0.16982531
   149.2, 0.17000974
   149.7, 0.17019333
   150.2, 0.17037609
   150.7, 0.17055801
   151.2, 0.17073912
   151.7, 0.1709194
   152.2, 0.17109888
   152.7, 0.17127754
   153.2, 0.1714554
   153.7, 0.17163245
   154.2, 0.17180872
   154.7, 0.17198419
   155.2, 0.17215888
   155.7, 0.17233279
   156.2, 0.17250592
   156.7, 0.17267828
   157.2, 0.17284988
   157.7, 0.17302071
   158.2, 0.17319078
   158.7, 0.17336011
   159.2, 0.17352868
   159.7, 0.1736965
   160.2, 0.17386359
   160.7, 0.17402994
   161.2, 0.17419556
   161.7, 0.17436045
   162.2, 0.17452462
   162.7, 0.17468807
   163.2, 0.1748508
   163.7, 0.17501282
   164.2, 0.17517414
   164.7, 0.17533475
   165.2, 0.17549467
   165.7, 0.17565389
   166.2, 0.17581242
   166.7, 0.17597026
   167.2, 0.17612742
   167.7, 0.1762839
   168.2, 0.17643971
   168.7, 0.17659485
   169.2, 0.17674932
   169.7, 0.17690312
   170.2, 0.17705627
   170.7, 0.17720876
   171.2, 0.17736059
   171.7, 0.17751178
   172.2, 0.17766233
   172.7, 0.17781223
   173.2, 0.1779615
   173.7, 0.17811013
   174.2, 0.17825813
   174.7, 0.17840551
   175.2, 0.17855226
   175.7, 0.17869839
   176.2, 0.17884391
   176.7, 0.17898881
   177.2, 0.1791331
   177.7, 0.17927679
   178.2, 0.17941987
   178.7, 0.17956236
   179.2, 0.17970425
   179.7, 0.17984554
   180.2, 0.17998625
   180.7, 0.18012637
   181.2, 0.18026591
   181.7, 0.18040487
   182.2, 0.18054325
   182.7, 0.18068105
   183.2, 0.18081829
   183.7, 0.18095496
   184.2, 0.18109107
   184.7, 0.18122662
   185.2, 0.1813616
   185.7, 0.18149604
   186.2, 0.18162992
   186.7, 0.18176325
   187.2, 0.18189604
   187.7, 0.18202828
   188.2, 0.18215999
   188.7, 0.18229115
   189.2, 0.18242179
   189.7, 0.18255189
   190.2, 0.18268146
   190.7, 0.18281051
   191.2, 0.18293903
   191.7, 0.18306704
   192.2, 0.18319453
   192.7, 0.1833215
   193.2, 0.18344797
   193.7, 0.18357392
   194.2, 0.18369937
   194.7, 0.18382431
   195.2, 0.18394876
   195.7, 0.1840727
   196.2, 0.18419615
   196.7, 0.18431911
   197.2, 0.18444158
   197.7, 0.18456356
   198.2, 0.18468505
   198.7, 0.18480607
   199.2, 0.1849266
   199.7, 0.18504665
   200.2, 0.18516623
   200.7, 0.18528534
   201.2, 0.18540398
   201.7, 0.18552215
   202.2, 0.18563986
   202.7, 0.1857571
   203.2, 0.18587388
   203.7, 0.18599021
   204.2, 0.18610608
   204.7, 0.1862215
   205.2, 0.18633646
   205.7, 0.18645098
   206.2, 0.18656505
   206.7, 0.18667868
   207.2, 0.18679187
   207.7, 0.18690461
   208.2, 0.18701692
   208.7, 0.1871288
   209.2, 0.18724024
   209.7, 0.18735125
   210.2, 0.18746184
   210.7, 0.187572
   211.2, 0.18768173
   211.7, 0.18779105
   212.2, 0.18789994
   212.7, 0.18800842
   213.2, 0.18811648
   213.7, 0.18822413
   214.2, 0.18833137
   214.7, 0.1884382
   215.2, 0.18854462
   215.7, 0.18865064
   216.2, 0.18875626
   216.7, 0.18886147
   217.2, 0.18896629
   217.7, 0.1890707
   218.2, 0.18917473
   218.7, 0.18927836
   219.2, 0.1893816
   219.7, 0.18948445
   220.2, 0.18958692
   220.7, 0.189689
   221.2, 0.1897907
   221.7, 0.18989201
   222.2, 0.18999295
   222.7, 0.19009351
   223.2, 0.1901937
   223.7, 0.19029351
   224.2, 0.19039295
   224.7, 0.19049201
   225.2, 0.19059072
   225.7, 0.19068905
   226.2, 0.19078702
   226.7, 0.19088463
   227.2, 0.19098187
   227.7, 0.19107876
   228.2, 0.19117529
   228.7, 0.19127146
   229.2, 0.19136729
   229.7, 0.19146275
   230.2, 0.19155787
   230.7, 0.19165264
   231.2, 0.19174706
   231.7, 0.19184114
   232.2, 0.19193487
   232.7, 0.19202826
   233.2, 0.19212131
   233.7, 0.19221402
   234.2, 0.19230639
   234.7, 0.19239843
   235.2, 0.19249013
   235.7, 0.1925815
   236.2, 0.19267254
   236.7, 0.19276326
   237.2, 0.19285364
   237.7, 0.1929437
   238.2, 0.19303343
   238.7, 0.19312284
   239.2, 0.19321193
   239.7, 0.1933007
   240.2, 0.19338915
   240.7, 0.19347728
   241.2, 0.1935651
   241.7, 0.1936526
   242.2, 0.1937398
   242.7, 0.19382668
   243.2, 0.19391325
   243.7, 0.19399951
   244.2, 0.19408547
   244.7, 0.19417112
   245.2, 0.19425647
   245.7, 0.19434151
   246.2, 0.19442626
   246.7, 0.1945107
   247.2, 0.19459485
   247.7, 0.1946787
   248.2, 0.19476225
   248.7, 0.19484551
   249.2, 0.19492848
   249.7, 0.19501116
   250.2, 0.19509355
   250.7, 0.19517564
   251.2, 0.19525745
   251.7, 0.19533898
   252.2, 0.19542022
   252.7, 0.19550118
   253.2, 0.19558185
   253.7, 0.19566225
   254.2, 0.19574236
   254.7, 0.1958222
   255.2, 0.19590176
   255.7, 0.19598104
   256.2, 0.19606005
   256.7, 0.19613879
   257.2, 0.19621726
   257.7, 0.19629545
   258.2, 0.19637337
   258.7, 0.19645103
   259.2, 0.19652842
   259.7, 0.19660554
   260.2, 0.1966824
   260.7, 0.196759
   261.2, 0.19683533
   261.7, 0.19691141
   262.2, 0.19698722
   262.7, 0.19706277
   263.2, 0.19713807
   263.7, 0.19721311
   264.2, 0.1972879
   264.7, 0.19736243
   265.2, 0.19743671
   265.7, 0.19751073
   266.2, 0.19758451
   266.7, 0.19765803
   267.2, 0.19773131
   267.7, 0.19780434
   268.2, 0.19787712
   268.7, 0.19794966
   269.2, 0.19802196
   269.7, 0.19809401
   270.2, 0.19816582
   270.7, 0.19823739
   271.2, 0.19830871
   271.7, 0.1983798
   272.2, 0.19845066
   272.7, 0.19852127
   273.2, 0.19859165
   273.7, 0.1986618
   274.2, 0.19873171
   274.7, 0.19880139
   275.2, 0.19887083
   275.7, 0.19894005
   276.2, 0.19900904
   276.7, 0.1990778
   277.2, 0.19914633
   277.7, 0.19921463
   278.2, 0.19928271
   278.7, 0.19935056
   279.2, 0.19941819
   279.7, 0.1994856
   280.2, 0.19955279
   280.7, 0.19961975
   281.2, 0.1996865
   281.7, 0.19975302
   282.2, 0.19981933
   282.7, 0.19988542
   283.2, 0.1999513
   283.7, 0.20001696
   284.2, 0.2000824
   284.7, 0.20014764
   285.2, 0.20021265
   285.7, 0.20027746
   286.2, 0.20034206
   286.7, 0.20040645
   287.2, 0.20047063
   287.7, 0.2005346
   288.2, 0.20059836
   288.7, 0.20066192
   289.2, 0.20072527
   289.7, 0.20078842
   290.2, 0.20085136
   290.7, 0.2009141
   291.2, 0.20097664
   291.7, 0.20103898
   292.2, 0.20110112
   292.7, 0.20116306
   293.2, 0.2012248
   293.7, 0.20128634
   294.2, 0.20134768
   294.7, 0.20140883
   295.2, 0.20146979
   295.7, 0.20153055
   296.2, 0.20159111
   296.7, 0.20165149
   297.2, 0.20171167
   297.7, 0.20177166
   298.2, 0.20183145
   298.7, 0.20189106
   299.2, 0.20195048
   299.7, 0.20200972
