   6.0000000e+00   1.9700000e+01
   7.0000000e+00   2.3200000e+01
   8.0000000e+00   2.6600000e+01
   9.0000000e+00   2.9900000e+01
   1.0000000e+01   3.3200000e+01
   1.2000000e+01   3.9800000e+01
   1.4000000e+01   4.6400000e+01
   1.6000000e+01   5.2900000e+01
   1.8000000e+01   5.9400000e+01
   2.0000000e+01   6.5600000e+01
   2.5000000e+01   7.9800000e+01
   3.0000000e+01   9.1200000e+01
   3.5000000e+01   9.9600000e+01
   4.0000000e+01   1.0500000e+02
   4.5000000e+01   1.0800000e+02
   5.0000000e+01   1.1000000e+02
   5.5000000e+01   1.1000000e+02
   6.0000000e+01   1.0900000e+02
   6.5000000e+01   1.0800000e+02
   7.0000000e+01   1.0600000e+02
   7.5000000e+01   1.0400000e+02
   8.0000000e+01   1.0200000e+02
   8.5000000e+01   1.0000000e+02
   9.0000000e+01   9.8400000e+01
   9.5000000e+01   9.6700000e+01
   1.0000000e+02   9.5100000e+01
   1.1000000e+02   9.2300000e+01
   1.2000000e+02   9.0100000e+01
   1.3000000e+02   8.8300000e+01
   1.4000000e+02   8.6900000e+01
   1.5000000e+02   8.5700000e+01
   1.6000000e+02   8.4700000e+01
   1.7000000e+02   8.3800000e+01
   1.8000000e+02   8.3000000e+01
   1.9000000e+02   8.2200000e+01
   2.0000000e+02   8.1400000e+01
   2.2000000e+02   7.9800000e+01
   2.4000000e+02   7.8200000e+01
   2.6000000e+02   7.6600000e+01
   2.8000000e+02   7.5300000e+01
