     4.2, 1.8359425e-10
     4.3, 1.835954e-10
     4.4, 1.8359664e-10
     4.5, 1.8359799e-10
     4.6, 1.8359945e-10
     4.7, 1.8360102e-10
     4.8, 1.8360271e-10
     4.9, 1.8360454e-10
       5, 1.8360649e-10
     5.1, 1.8360859e-10
     5.2, 1.8361083e-10
     5.3, 1.8361323e-10
     5.4, 1.836158e-10
     5.5, 1.8361854e-10
     5.6, 1.8362145e-10
     5.7, 1.8362455e-10
     5.8, 1.8362785e-10
     5.9, 1.8363135e-10
       6, 1.8363507e-10
     6.1, 1.8363901e-10
     6.2, 1.8364318e-10
     6.3, 1.8364759e-10
     6.4, 1.8365226e-10
     6.5, 1.8365718e-10
     6.6, 1.8366238e-10
     6.7, 1.8366786e-10
     6.8, 1.8367363e-10
     6.9, 1.836797e-10
       7, 1.8368609e-10
     7.1, 1.8369281e-10
     7.2, 1.8369987e-10
     7.3, 1.8370727e-10
     7.4, 1.8371504e-10
     7.5, 1.8372318e-10
     7.6, 1.8373171e-10
     7.7, 1.8374064e-10
     7.8, 1.8374999e-10
     7.9, 1.8375976e-10
       8, 1.8376997e-10
     8.1, 1.8378064e-10
     8.2, 1.8379178e-10
     8.3, 1.838034e-10
     8.4, 1.8381552e-10
     8.5, 1.8382816e-10
     8.6, 1.8384132e-10
     8.7, 1.8385503e-10
     8.8, 1.838693e-10
     8.9, 1.8388414e-10
       9, 1.8389958e-10
     9.1, 1.8391563e-10
     9.2, 1.839323e-10
     9.3, 1.8394962e-10
     9.4, 1.839676e-10
     9.5, 1.8398626e-10
     9.6, 1.8400562e-10
     9.7, 1.8402569e-10
     9.8, 1.840465e-10
     9.9, 1.8406806e-10
      10, 1.8409039e-10
    10.1, 1.8411351e-10
    10.2, 1.8413745e-10
    10.3, 1.8416221e-10
    10.4, 1.8418783e-10
    10.5, 1.8421432e-10
    10.6, 1.8424171e-10
    10.7, 1.8427001e-10
    10.8, 1.8429924e-10
    10.9, 1.8432943e-10
      11, 1.8436061e-10
    11.1, 1.8439278e-10
    11.2, 1.8442598e-10
    11.3, 1.8446023e-10
    11.4, 1.8449555e-10
    11.5, 1.8453196e-10
    11.6, 1.8456949e-10
    11.7, 1.8460816e-10
    11.8, 1.84648e-10
    11.9, 1.8468903e-10
      12, 1.8473128e-10
    12.1, 1.8477477e-10
    12.2, 1.8481953e-10
    12.3, 1.8486558e-10
    12.4, 1.8491295e-10
    12.5, 1.8496167e-10
    12.6, 1.8501176e-10
    12.7, 1.8506325e-10
    12.8, 1.8511616e-10
    12.9, 1.8517054e-10
      13, 1.8522639e-10
    13.1, 1.8528376e-10
    13.2, 1.8534266e-10
    13.3, 1.8540314e-10
    13.4, 1.8546521e-10
    13.5, 1.8552891e-10
    13.6, 1.8559427e-10
    13.7, 1.8566131e-10
    13.8, 1.8573008e-10
    13.9, 1.8580059e-10
      14, 1.8587288e-10
    14.1, 1.8594698e-10
    14.2, 1.8602292e-10
    14.3, 1.8610074e-10
    14.4, 1.8618046e-10
    14.5, 1.8626212e-10
    14.6, 1.8634576e-10
    14.7, 1.8643139e-10
    14.8, 1.8651907e-10
    14.9, 1.8660882e-10
      15, 1.8670067e-10
    15.1, 1.8679466e-10
    15.2, 1.8689083e-10
    15.3, 1.869892e-10
    15.4, 1.8708982e-10
    15.5, 1.8719272e-10
    15.6, 1.8729793e-10
    15.7, 1.874055e-10
    15.8, 1.8751545e-10
    15.9, 1.8762782e-10
      16, 1.8774266e-10
    16.1, 1.8785999e-10
    16.2, 1.8797986e-10
    16.3, 1.881023e-10
    16.4, 1.8822735e-10
    16.5, 1.8835505e-10
    16.6, 1.8848544e-10
    16.7, 1.8861855e-10
    16.8, 1.8875442e-10
    16.9, 1.888931e-10
      17, 1.8903463e-10
    17.1, 1.8917903e-10
    17.2, 1.8932636e-10
    17.3, 1.8947666e-10
    17.4, 1.8962995e-10
    17.5, 1.897863e-10
    17.6, 1.8994572e-10
    17.7, 1.9010828e-10
    17.8, 1.90274e-10
    17.9, 1.9044293e-10
      18, 1.9061512e-10
    18.1, 1.907906e-10
    18.2, 1.9096942e-10
    18.3, 1.9115162e-10
    18.4, 1.9133724e-10
    18.5, 1.9152633e-10
    18.6, 1.9171893e-10
    18.7, 1.9191508e-10
    18.8, 1.9211482e-10
    18.9, 1.9231821e-10
      19, 1.9252529e-10
    19.1, 1.927361e-10
    19.2, 1.9295068e-10
    19.3, 1.9316908e-10
    19.4, 1.9339134e-10
    19.5, 1.9361752e-10
    19.6, 1.9384765e-10
    19.7, 1.9408179e-10
    19.8, 1.9431997e-10
    19.9, 1.9456225e-10
      20, 1.9480867e-10
    20.1, 1.9505928e-10
    20.2, 1.9531412e-10
    20.3, 1.9557324e-10
    20.4, 1.9583669e-10
    20.5, 1.9610451e-10
    20.6, 1.9637676e-10
    20.7, 1.9665348e-10
    20.8, 1.9693472e-10
    20.9, 1.9722052e-10
      21, 1.9751094e-10
    21.1, 1.9780602e-10
    21.2, 1.9810581e-10
    21.3, 1.9841036e-10
    21.4, 1.9871972e-10
    21.5, 1.9903394e-10
    21.6, 1.9935306e-10
    21.7, 1.9967714e-10
    21.8, 2.0000622e-10
    21.9, 2.0034036e-10
      22, 2.0067961e-10
    22.1, 2.01024e-10
    22.2, 2.013736e-10
    22.3, 2.0172846e-10
    22.4, 2.0208862e-10
    22.5, 2.0245413e-10
    22.6, 2.0282505e-10
    22.7, 2.0320142e-10
    22.8, 2.0358329e-10
    22.9, 2.0397073e-10
      23, 2.0436377e-10
    23.1, 2.0476246e-10
    23.2, 2.0516687e-10
    23.3, 2.0557703e-10
    23.4, 2.0599301e-10
    23.5, 2.0641485e-10
    23.6, 2.068426e-10
    23.7, 2.0727632e-10
    23.8, 2.0771605e-10
    23.9, 2.0816185e-10
      24, 2.0861377e-10
    24.1, 2.0907187e-10
    24.2, 2.0953618e-10
    24.3, 2.1000678e-10
    24.4, 2.104837e-10
    24.5, 2.10967e-10
    24.6, 2.1145673e-10
    24.7, 2.1195294e-10
    24.8, 2.124557e-10
    24.9, 2.1296504e-10
      25, 2.1348102e-10
    25.1, 2.140037e-10
    25.2, 2.1453312e-10
    25.3, 2.1506935e-10
    25.4, 2.1561242e-10
    25.5, 2.161624e-10
    25.6, 2.1671934e-10
    25.7, 2.1728329e-10
    25.8, 2.1785431e-10
    25.9, 2.1843244e-10
      26, 2.1901774e-10
    26.1, 2.1961027e-10
    26.2, 2.2021008e-10
    26.3, 2.2081721e-10
    26.4, 2.2143173e-10
    26.5, 2.2205369e-10
    26.6, 2.2268314e-10
    26.7, 2.2332014e-10
    26.8, 2.2396473e-10
    26.9, 2.2461698e-10
      27, 2.2527694e-10
    27.1, 2.2594465e-10
    27.2, 2.2662019e-10
    27.3, 2.2730359e-10
    27.4, 2.2799492e-10
    27.5, 2.2869422e-10
    27.6, 2.2940156e-10
    27.7, 2.3011699e-10
    27.8, 2.3084056e-10
    27.9, 2.3157233e-10
      28, 2.3231235e-10
    28.1, 2.3306068e-10
    28.2, 2.3381737e-10
    28.3, 2.3458248e-10
    28.4, 2.3535607e-10
    28.5, 2.3613818e-10
    28.6, 2.3692888e-10
    28.7, 2.3772822e-10
    28.8, 2.3853626e-10
    28.9, 2.3935305e-10
      29, 2.4017865e-10
    29.1, 2.4101312e-10
    29.2, 2.4185651e-10
    29.3, 2.4270888e-10
    29.4, 2.4357029e-10
    29.5, 2.4444079e-10
    29.6, 2.4532044e-10
    29.7, 2.4620929e-10
    29.8, 2.4710742e-10
    29.9, 2.4801486e-10
      30, 2.4893169e-10
    30.1, 2.4985796e-10
    30.2, 2.5079373e-10
    30.3, 2.5173905e-10
    30.4, 2.5269399e-10
    30.5, 2.5365861e-10
    30.6, 2.5463295e-10
    30.7, 2.556171e-10
    30.8, 2.5661109e-10
    30.9, 2.57615e-10
      31, 2.5862888e-10
    31.1, 2.596528e-10
    31.2, 2.6068681e-10
    31.3, 2.6173097e-10
    31.4, 2.6278536e-10
    31.5, 2.6385002e-10
    31.6, 2.6492503e-10
    31.7, 2.6601043e-10
    31.8, 2.671063e-10
    31.9, 2.682127e-10
      32, 2.693297e-10
    32.1, 2.7045734e-10
    32.2, 2.7159571e-10
    32.3, 2.7274485e-10
    32.4, 2.7390485e-10
    32.5, 2.7507575e-10
    32.6, 2.7625763e-10
    32.7, 2.7745056e-10
    32.8, 2.7865459e-10
    32.9, 2.798698e-10
      33, 2.8109624e-10
    33.1, 2.82334e-10
    33.2, 2.8358313e-10
    33.3, 2.848437e-10
    33.4, 2.8611578e-10
    33.5, 2.8739944e-10
    33.6, 2.8869475e-10
    33.7, 2.9000177e-10
    33.8, 2.9132058e-10
    33.9, 2.9265125e-10
      34, 2.9399384e-10
    34.1, 2.9534843e-10
    34.2, 2.9671509e-10
    34.3, 2.9809389e-10
    34.4, 2.9948489e-10
    34.5, 3.0088818e-10
    34.6, 3.0230383e-10
    34.7, 3.037319e-10
    34.8, 3.0517248e-10
    34.9, 3.0662562e-10
      35, 3.0809142e-10
    35.1, 3.0956993e-10
    35.2, 3.1106124e-10
    35.3, 3.1256541e-10
    35.4, 3.1408253e-10
    35.5, 3.1561267e-10
    35.6, 3.1715589e-10
    35.7, 3.1871228e-10
    35.8, 3.2028191e-10
    35.9, 3.2186484e-10
      36, 3.2346117e-10
    36.1, 3.2507095e-10
    36.2, 3.2669426e-10
    36.3, 3.2833117e-10
    36.4, 3.2998177e-10
    36.5, 3.3164611e-10
    36.6, 3.3332427e-10
    36.7, 3.3501631e-10
    36.8, 3.3672232e-10
    36.9, 3.3844236e-10
      37, 3.4017649e-10
    37.1, 3.4192478e-10
    37.2, 3.436873e-10
    37.3, 3.4546412e-10
    37.4, 3.4725529e-10
    37.5, 3.4906088e-10
    37.6, 3.5088095e-10
    37.7, 3.5271556e-10
    37.8, 3.5456476e-10
    37.9, 3.5642862e-10
      38, 3.5830718e-10
    38.1, 3.6020051e-10
    38.2, 3.6210864e-10
    38.3, 3.6403163e-10
    38.4, 3.6596953e-10
    38.5, 3.6792238e-10
    38.6, 3.6989021e-10
    38.7, 3.7187308e-10
    38.8, 3.7387102e-10
    38.9, 3.7588406e-10
      39, 3.7791224e-10
    39.1, 3.7995559e-10
    39.2, 3.8201414e-10
    39.3, 3.840879e-10
    39.4, 3.8617691e-10
    39.5, 3.8828119e-10
    39.6, 3.9040075e-10
    39.7, 3.925356e-10
    39.8, 3.9468576e-10
    39.9, 3.9685125e-10
      40, 3.9903205e-10
    40.1, 4.0122819e-10
    40.2, 4.0343967e-10
    40.3, 4.0566647e-10
    40.4, 4.079086e-10
    40.5, 4.1016605e-10
    40.6, 4.1243882e-10
    40.7, 4.1472688e-10
    40.8, 4.1703024e-10
    40.9, 4.1934886e-10
      41, 4.2168274e-10
    41.1, 4.2403185e-10
    41.2, 4.2639617e-10
    41.3, 4.2877567e-10
    41.4, 4.3117033e-10
    41.5, 4.3358011e-10
    41.6, 4.3600498e-10
    41.7, 4.3844491e-10
    41.8, 4.4089986e-10
    41.9, 4.433698e-10
      42, 4.4585468e-10
    42.1, 4.4835446e-10
    42.2, 4.508691e-10
    42.3, 4.5339856e-10
    42.4, 4.5594278e-10
    42.5, 4.5850173e-10
    42.6, 4.6107534e-10
    42.7, 4.6366358e-10
    42.8, 4.6626639e-10
    42.9, 4.6888372e-10
      43, 4.7151552e-10
    43.1, 4.7416172e-10
    43.2, 4.7682228e-10
    43.3, 4.7949714e-10
    43.4, 4.8218625e-10
    43.5, 4.8488954e-10
    43.6, 4.8760696e-10
    43.7, 4.9033846e-10
    43.8, 4.9308396e-10
    43.9, 4.9584343e-10
      44, 4.9861679e-10
    44.1, 5.01404e-10
    44.2, 5.0420498e-10
    44.3, 5.0701969e-10
    44.4, 5.0984807e-10
    44.5, 5.1269005e-10
    44.6, 5.1554559e-10
    44.7, 5.1841461e-10
    44.8, 5.2129708e-10
    44.9, 5.2419292e-10
      45, 5.2710209e-10
    45.1, 5.3002453e-10
    45.2, 5.3296019e-10
    45.3, 5.3590901e-10
    45.4, 5.3887094e-10
    45.5, 5.4184592e-10
    45.6, 5.4483392e-10
    45.7, 5.4783487e-10
    45.8, 5.5084872e-10
    45.9, 5.5387544e-10
      46, 5.5691496e-10
    46.1, 5.5996726e-10
    46.2, 5.6303227e-10
    46.3, 5.6610995e-10
    46.4, 5.6920027e-10
    46.5, 5.7230318e-10
    46.6, 5.7541864e-10
    46.7, 5.7854662e-10
    46.8, 5.8168706e-10
    46.9, 5.8483994e-10
      47, 5.8800522e-10
    47.1, 5.9118286e-10
    47.2, 5.9437283e-10
    47.3, 5.975751e-10
    47.4, 6.0078964e-10
    47.5, 6.0401642e-10
    47.6, 6.072554e-10
    47.7, 6.1050657e-10
    47.8, 6.1376989e-10
    47.9, 6.1704534e-10
      48, 6.203329e-10
    48.1, 6.2363255e-10
    48.2, 6.2694425e-10
    48.3, 6.30268e-10
    48.4, 6.3360378e-10
    48.5, 6.3695156e-10
    48.6, 6.4031133e-10
    48.7, 6.4368308e-10
    48.8, 6.4706678e-10
    48.9, 6.5046243e-10
      49, 6.5387002e-10
    49.1, 6.5728953e-10
    49.2, 6.6072095e-10
    49.3, 6.6416428e-10
    49.4, 6.676195e-10
    49.5, 6.7108661e-10
    49.6, 6.7456561e-10
    49.7, 6.7805648e-10
    49.8, 6.8155922e-10
    49.9, 6.8507384e-10
      50, 6.8860032e-10
    50.1, 6.9213867e-10
    50.2, 6.9568888e-10
    50.3, 6.9925095e-10
    50.4, 7.0282489e-10
    50.5, 7.064107e-10
    50.6, 7.1000837e-10
    50.7, 7.1361791e-10
    50.8, 7.1723933e-10
    50.9, 7.2087263e-10
      51, 7.2451781e-10
    51.1, 7.2817487e-10
    51.2, 7.3184384e-10
    51.3, 7.355247e-10
    51.4, 7.3921746e-10
    51.5, 7.4292214e-10
    51.6, 7.4663875e-10
    51.7, 7.5036728e-10
    51.8, 7.5410775e-10
    51.9, 7.5786017e-10
      52, 7.6162454e-10
    52.1, 7.6540088e-10
    52.2, 7.691892e-10
    52.3, 7.729895e-10
    52.4, 7.768018e-10
    52.5, 7.8062611e-10
    52.6, 7.8446243e-10
    52.7, 7.8831079e-10
    52.8, 7.9217119e-10
    52.9, 7.9604364e-10
      53, 7.9992815e-10
    53.1, 8.0382474e-10
    53.2, 8.0773342e-10
    53.3, 8.116542e-10
    53.4, 8.155871e-10
    53.5, 8.1953212e-10
    53.6, 8.2348927e-10
    53.7, 8.2745858e-10
    53.8, 8.3144004e-10
    53.9, 8.3543368e-10
      54, 8.3943951e-10
    54.1, 8.4345753e-10
    54.2, 8.4748777e-10
    54.3, 8.5153022e-10
    54.4, 8.5558491e-10
    54.5, 8.5965185e-10
    54.6, 8.6373104e-10
    54.7, 8.6782251e-10
    54.8, 8.7192625e-10
    54.9, 8.7604228e-10
      55, 8.8017062e-10
    55.1, 8.8431127e-10
    55.2, 8.8846425e-10
    55.3, 8.9262956e-10
    55.4, 8.9680721e-10
    55.5, 9.0099722e-10
    55.6, 9.051996e-10
    55.7, 9.0941435e-10
    55.8, 9.1364148e-10
    55.9, 9.1788101e-10
      56, 9.2213294e-10
    56.1, 9.2639728e-10
    56.2, 9.3067404e-10
    56.3, 9.3496322e-10
    56.4, 9.3926484e-10
    56.5, 9.435789e-10
    56.6, 9.4790541e-10
    56.7, 9.5224437e-10
    56.8, 9.5659579e-10
    56.9, 9.6095969e-10
      57, 9.6533605e-10
    57.1, 9.697249e-10
    57.2, 9.7412623e-10
    57.3, 9.7854004e-10
    57.4, 9.8296635e-10
    57.5, 9.8740516e-10
    57.6, 9.9185646e-10
    57.7, 9.9632027e-10
    57.8, 1.0007966e-09
    57.9, 1.0052854e-09
      58, 1.0097867e-09
    58.1, 1.0143006e-09
    58.2, 1.018827e-09
    58.3, 1.0233658e-09
    58.4, 1.0279172e-09
    58.5, 1.0324811e-09
    58.6, 1.0370575e-09
    58.7, 1.0416465e-09
    58.8, 1.0462479e-09
    58.9, 1.0508619e-09
      59, 1.0554883e-09
    59.1, 1.0601273e-09
    59.2, 1.0647788e-09
    59.3, 1.0694428e-09
    59.4, 1.0741193e-09
    59.5, 1.0788083e-09
    59.6, 1.0835097e-09
    59.7, 1.0882237e-09
    59.8, 1.0929501e-09
    59.9, 1.097689e-09
      60, 1.1024404e-09
    60.1, 1.1072042e-09
    60.2, 1.1119805e-09
    60.3, 1.1167693e-09
    60.4, 1.1215705e-09
    60.5, 1.1263841e-09
    60.6, 1.1312101e-09
    60.7, 1.1360486e-09
    60.8, 1.1408995e-09
    60.9, 1.1457627e-09
      61, 1.1506384e-09
    61.1, 1.1555264e-09
    61.2, 1.1604269e-09
    61.3, 1.1653396e-09
    61.4, 1.1702647e-09
    61.5, 1.1752022e-09
    61.6, 1.1801519e-09
    61.7, 1.185114e-09
    61.8, 1.1900884e-09
    61.9, 1.195075e-09
      62, 1.2000739e-09
    62.1, 1.2050851e-09
    62.2, 1.2101085e-09
    62.3, 1.2151442e-09
    62.4, 1.220192e-09
    62.5, 1.225252e-09
    62.6, 1.2303243e-09
    62.7, 1.2354086e-09
    62.8, 1.2405052e-09
    62.9, 1.2456138e-09
      63, 1.2507346e-09
    63.1, 1.2558675e-09
    63.2, 1.2610124e-09
    63.3, 1.2661694e-09
    63.4, 1.2713384e-09
    63.5, 1.2765195e-09
    63.6, 1.2817125e-09
    63.7, 1.2869175e-09
    63.8, 1.2921345e-09
    63.9, 1.2973634e-09
      64, 1.3026043e-09
    64.1, 1.307857e-09
    64.2, 1.3131216e-09
    64.3, 1.3183981e-09
    64.4, 1.3236864e-09
    64.5, 1.3289865e-09
    64.6, 1.3342984e-09
    64.7, 1.3396221e-09
    64.8, 1.3449575e-09
    64.9, 1.3503046e-09
      65, 1.3556634e-09
    65.1, 1.3610339e-09
    65.2, 1.366416e-09
    65.3, 1.3718098e-09
    65.4, 1.3772151e-09
    65.5, 1.382632e-09
    65.6, 1.3880605e-09
    65.7, 1.3935005e-09
    65.8, 1.3989519e-09
    65.9, 1.4044149e-09
      66, 1.4098892e-09
    66.1, 1.415375e-09
    66.2, 1.4208722e-09
    66.3, 1.4263807e-09
    66.4, 1.4319005e-09
    66.5, 1.4374317e-09
    66.6, 1.4429741e-09
    66.7, 1.4485278e-09
    66.8, 1.4540927e-09
    66.9, 1.4596687e-09
      67, 1.4652559e-09
    67.1, 1.4708543e-09
    67.2, 1.4764638e-09
    67.3, 1.4820843e-09
    67.4, 1.4877158e-09
    67.5, 1.4933584e-09
    67.6, 1.4990119e-09
    67.7, 1.5046764e-09
    67.8, 1.5103518e-09
    67.9, 1.5160381e-09
      68, 1.5217352e-09
    68.1, 1.5274432e-09
    68.2, 1.533162e-09
    68.3, 1.5388915e-09
    68.4, 1.5446317e-09
    68.5, 1.5503826e-09
    68.6, 1.5561442e-09
    68.7, 1.5619164e-09
    68.8, 1.5676992e-09
    68.9, 1.5734926e-09
      69, 1.5792965e-09
    69.1, 1.5851109e-09
    69.2, 1.5909357e-09
    69.3, 1.596771e-09
    69.4, 1.6026167e-09
    69.5, 1.6084727e-09
    69.6, 1.614339e-09
    69.7, 1.6202157e-09
    69.8, 1.6261026e-09
    69.9, 1.6319997e-09
      70, 1.637907e-09
    70.1, 1.6438244e-09
    70.2, 1.649752e-09
    70.3, 1.6556896e-09
    70.4, 1.6616373e-09
    70.5, 1.667595e-09
    70.6, 1.6735627e-09
    70.7, 1.6795403e-09
    70.8, 1.6855278e-09
    70.9, 1.6915252e-09
      71, 1.6975324e-09
    71.1, 1.7035494e-09
    71.2, 1.7095761e-09
    71.3, 1.7156126e-09
    71.4, 1.7216587e-09
    71.5, 1.7277145e-09
    71.6, 1.7337799e-09
    71.7, 1.7398549e-09
    71.8, 1.7459394e-09
    71.9, 1.7520334e-09
      72, 1.7581369e-09
    72.1, 1.7642498e-09
    72.2, 1.7703721e-09
    72.3, 1.7765037e-09
    72.4, 1.7826446e-09
    72.5, 1.7887948e-09
    72.6, 1.7949543e-09
    72.7, 1.8011229e-09
    72.8, 1.8073007e-09
    72.9, 1.8134876e-09
      73, 1.8196836e-09
    73.1, 1.8258887e-09
    73.2, 1.8321027e-09
    73.3, 1.8383257e-09
    73.4, 1.8445577e-09
    73.5, 1.8507985e-09
    73.6, 1.8570482e-09
    73.7, 1.8633067e-09
    73.8, 1.869574e-09
    73.9, 1.87585e-09
      74, 1.8821347e-09
    74.1, 1.8884281e-09
    74.2, 1.8947301e-09
    74.3, 1.9010407e-09
    74.4, 1.9073598e-09
    74.5, 1.9136874e-09
    74.6, 1.9200235e-09
    74.7, 1.926368e-09
    74.8, 1.9327209e-09
    74.9, 1.9390821e-09
      75, 1.9454517e-09
    75.1, 1.9518295e-09
    75.2, 1.9582156e-09
    75.3, 1.9646098e-09
    75.4, 1.9710122e-09
    75.5, 1.9774227e-09
    75.6, 1.9838413e-09
    75.7, 1.9902679e-09
    75.8, 1.9967026e-09
    75.9, 2.0031451e-09
      76, 2.0095956e-09
    76.1, 2.016054e-09
    76.2, 2.0225202e-09
    76.3, 2.0289943e-09
    76.4, 2.035476e-09
    76.5, 2.0419655e-09
    76.6, 2.0484627e-09
    76.7, 2.0549675e-09
    76.8, 2.06148e-09
    76.9, 2.068e-09
      77, 2.0745275e-09
    77.1, 2.0810625e-09
    77.2, 2.087605e-09
    77.3, 2.0941548e-09
    77.4, 2.1007121e-09
    77.5, 2.1072766e-09
    77.6, 2.1138485e-09
    77.7, 2.1204276e-09
    77.8, 2.1270139e-09
    77.9, 2.1336074e-09
      78, 2.1402081e-09
    78.1, 2.1468158e-09
    78.2, 2.1534306e-09
    78.3, 2.1600524e-09
    78.4, 2.1666812e-09
    78.5, 2.173317e-09
    78.6, 2.1799596e-09
    78.7, 2.1866091e-09
    78.8, 2.1932654e-09
    78.9, 2.1999286e-09
      79, 2.2065984e-09
    79.1, 2.213275e-09
    79.2, 2.2199583e-09
    79.3, 2.2266482e-09
    79.4, 2.2333446e-09
    79.5, 2.2400477e-09
    79.6, 2.2467572e-09
    79.7, 2.2534733e-09
    79.8, 2.2601958e-09
    79.9, 2.2669247e-09
      80, 2.2736599e-09
    80.1, 2.2804015e-09
    80.2, 2.2871494e-09
    80.3, 2.2939035e-09
    80.4, 2.3006638e-09
    80.5, 2.3074304e-09
    80.6, 2.314203e-09
    80.7, 2.3209818e-09
    80.8, 2.3277666e-09
    80.9, 2.3345575e-09
      81, 2.3413543e-09
    81.1, 2.3481571e-09
    81.2, 2.3549658e-09
    81.3, 2.3617804e-09
    81.4, 2.3686008e-09
    81.5, 2.3754271e-09
    81.6, 2.3822591e-09
    81.7, 2.3890968e-09
    81.8, 2.3959402e-09
    81.9, 2.4027893e-09
      82, 2.409644e-09
    82.1, 2.4165043e-09
    82.2, 2.4233701e-09
    82.3, 2.4302414e-09
    82.4, 2.4371183e-09
    82.5, 2.4440005e-09
    82.6, 2.4508882e-09
    82.7, 2.4577812e-09
    82.8, 2.4646795e-09
    82.9, 2.4715832e-09
      83, 2.4784921e-09
    83.1, 2.4854062e-09
    83.2, 2.4923255e-09
    83.3, 2.49925e-09
    83.4, 2.5061795e-09
    83.5, 2.5131142e-09
    83.6, 2.5200539e-09
    83.7, 2.5269986e-09
    83.8, 2.5339483e-09
    83.9, 2.5409029e-09
      84, 2.5478624e-09
    84.1, 2.5548268e-09
    84.2, 2.5617961e-09
    84.3, 2.5687701e-09
    84.4, 2.5757489e-09
    84.5, 2.5827324e-09
    84.6, 2.5897206e-09
    84.7, 2.5967135e-09
    84.8, 2.6037111e-09
    84.9, 2.6107132e-09
      85, 2.6177198e-09
    85.1, 2.624731e-09
    85.2, 2.6317467e-09
    85.3, 2.6387669e-09
    85.4, 2.6457915e-09
    85.5, 2.6528205e-09
    85.6, 2.6598538e-09
    85.7, 2.6668915e-09
    85.8, 2.6739334e-09
    85.9, 2.6809796e-09
      86, 2.6880301e-09
    86.1, 2.6950847e-09
    86.2, 2.7021435e-09
    86.3, 2.7092064e-09
    86.4, 2.7162735e-09
    86.5, 2.7233446e-09
    86.6, 2.7304197e-09
    86.7, 2.7374988e-09
    86.8, 2.7445819e-09
    86.9, 2.7516689e-09
      87, 2.7587599e-09
    87.1, 2.7658547e-09
    87.2, 2.7729533e-09
    87.3, 2.7800558e-09
    87.4, 2.787162e-09
    87.5, 2.794272e-09
    87.6, 2.8013857e-09
    87.7, 2.8085031e-09
    87.8, 2.8156241e-09
    87.9, 2.8227488e-09
      88, 2.8298771e-09
    88.1, 2.8370089e-09
    88.2, 2.8441442e-09
    88.3, 2.8512831e-09
    88.4, 2.8584254e-09
    88.5, 2.8655712e-09
    88.6, 2.8727204e-09
    88.7, 2.8798729e-09
    88.8, 2.8870288e-09
    88.9, 2.8941881e-09
      89, 2.9013506e-09
    89.1, 2.9085164e-09
    89.2, 2.9156854e-09
    89.3, 2.9228577e-09
    89.4, 2.9300331e-09
    89.5, 2.9372116e-09
    89.6, 2.9443933e-09
    89.7, 2.9515781e-09
    89.8, 2.9587659e-09
    89.9, 2.9659568e-09
      90, 2.9731506e-09
    90.1, 2.9803475e-09
    90.2, 2.9875472e-09
    90.3, 2.99475e-09
    90.4, 3.0019556e-09
    90.5, 3.009164e-09
    90.6, 3.0163753e-09
    90.7, 3.0235894e-09
    90.8, 3.0308063e-09
    90.9, 3.038026e-09
      91, 3.0452483e-09
    91.1, 3.0524734e-09
    91.2, 3.0597012e-09
    91.3, 3.0669316e-09
    91.4, 3.0741646e-09
    91.5, 3.0814002e-09
    91.6, 3.0886384e-09
    91.7, 3.0958791e-09
    91.8, 3.1031223e-09
    91.9, 3.1103681e-09
      92, 3.1176162e-09
    92.1, 3.1248669e-09
    92.2, 3.1321199e-09
    92.3, 3.1393753e-09
    92.4, 3.1466331e-09
    92.5, 3.1538932e-09
    92.6, 3.1611556e-09
    92.7, 3.1684203e-09
    92.8, 3.1756873e-09
    92.9, 3.1829565e-09
      93, 3.1902279e-09
    93.1, 3.1975015e-09
    93.2, 3.2047773e-09
    93.3, 3.2120552e-09
    93.4, 3.2193352e-09
    93.5, 3.2266173e-09
    93.6, 3.2339014e-09
    93.7, 3.2411876e-09
    93.8, 3.2484759e-09
    93.9, 3.2557661e-09
      94, 3.2630582e-09
    94.1, 3.2703524e-09
    94.2, 3.2776484e-09
    94.3, 3.2849463e-09
    94.4, 3.2922462e-09
    94.5, 3.2995478e-09
    94.6, 3.3068513e-09
    94.7, 3.3141566e-09
    94.8, 3.3214637e-09
    94.9, 3.3287726e-09
      95, 3.3360832e-09
    95.1, 3.3433955e-09
    95.2, 3.3507095e-09
    95.3, 3.3580252e-09
    95.4, 3.3653425e-09
    95.5, 3.3726614e-09
    95.6, 3.379982e-09
    95.7, 3.3873042e-09
    95.8, 3.3946279e-09
    95.9, 3.4019531e-09
      96, 3.4092799e-09
    96.1, 3.4166082e-09
    96.2, 3.4239379e-09
    96.3, 3.4312691e-09
    96.4, 3.4386018e-09
    96.5, 3.4459359e-09
    96.6, 3.4532713e-09
    96.7, 3.4606082e-09
    96.8, 3.4679464e-09
    96.9, 3.4752859e-09
      97, 3.4826267e-09
    97.1, 3.4899689e-09
    97.2, 3.4973123e-09
    97.3, 3.504657e-09
    97.4, 3.5120029e-09
    97.5, 3.51935e-09
    97.6, 3.5266983e-09
    97.7, 3.5340478e-09
    97.8, 3.5413985e-09
    97.9, 3.5487503e-09
      98, 3.5561032e-09
    98.1, 3.5634572e-09
    98.2, 3.5708123e-09
    98.3, 3.5781684e-09
    98.4, 3.5855256e-09
    98.5, 3.5928839e-09
    98.6, 3.6002431e-09
    98.7, 3.6076033e-09
    98.8, 3.6149645e-09
    98.9, 3.6223267e-09
      99, 3.6296898e-09
    99.1, 3.6370538e-09
    99.2, 3.6444187e-09
    99.3, 3.6517844e-09
    99.4, 3.6591511e-09
    99.5, 3.6665186e-09
    99.6, 3.6738869e-09
    99.7, 3.681256e-09
    99.8, 3.688626e-09
    99.9, 3.6959967e-09
     100, 3.7033682e-09
   100.1, 3.7107404e-09
   100.2, 3.7181133e-09
   100.3, 3.725487e-09
   100.4, 3.7328613e-09
   100.5, 3.7402364e-09
   100.6, 3.7476121e-09
   100.7, 3.7549884e-09
   100.8, 3.7623654e-09
   100.9, 3.7697429e-09
     101, 3.7771211e-09
   101.1, 3.7844999e-09
   101.2, 3.7918792e-09
   101.3, 3.7992591e-09
   101.4, 3.8066395e-09
   101.5, 3.8140204e-09
   101.6, 3.8214019e-09
   101.7, 3.8287838e-09
   101.8, 3.8361662e-09
   101.9, 3.8435491e-09
     102, 3.8509324e-09
   102.1, 3.8583161e-09
   102.2, 3.8657003e-09
   102.3, 3.8730848e-09
   102.4, 3.8804697e-09
   102.5, 3.887855e-09
   102.6, 3.8952407e-09
   102.7, 3.9026267e-09
   102.8, 3.9100131e-09
   102.9, 3.9173997e-09
     103, 3.9247867e-09
   103.1, 3.9321739e-09
   103.2, 3.9395614e-09
   103.3, 3.9469492e-09
   103.4, 3.9543372e-09
   103.5, 3.9617254e-09
   103.6, 3.9691139e-09
   103.7, 3.9765026e-09
   103.8, 3.9838914e-09
   103.9, 3.9912805e-09
     104, 3.9986697e-09
   104.1, 4.0060591e-09
   104.2, 4.0134486e-09
   104.3, 4.0208382e-09
   104.4, 4.0282279e-09
   104.5, 4.0356178e-09
   104.6, 4.0430077e-09
   104.7, 4.0503977e-09
   104.8, 4.0577878e-09
   104.9, 4.0651779e-09
     105, 4.0725681e-09
   105.1, 4.0799583e-09
   105.2, 4.0873485e-09
   105.3, 4.0947388e-09
   105.4, 4.102129e-09
   105.5, 4.1095192e-09
   105.6, 4.1169093e-09
   105.7, 4.1242995e-09
   105.8, 4.1316895e-09
   105.9, 4.1390795e-09
     106, 4.1464695e-09
   106.1, 4.1538593e-09
   106.2, 4.161249e-09
   106.3, 4.1686387e-09
   106.4, 4.1760282e-09
   106.5, 4.1834175e-09
   106.6, 4.1908068e-09
   106.7, 4.1981959e-09
   106.8, 4.2055848e-09
   106.9, 4.2129735e-09
     107, 4.2203621e-09
   107.1, 4.2277504e-09
   107.2, 4.2351386e-09
   107.3, 4.2425265e-09
   107.4, 4.2499143e-09
   107.5, 4.2573017e-09
   107.6, 4.264689e-09
   107.7, 4.2720759e-09
   107.8, 4.2794627e-09
   107.9, 4.2868491e-09
     108, 4.2942352e-09
   108.1, 4.3016211e-09
   108.2, 4.3090066e-09
   108.3, 4.3163919e-09
   108.4, 4.3237768e-09
   108.5, 4.3311613e-09
   108.6, 4.3385456e-09
   108.7, 4.3459294e-09
   108.8, 4.353313e-09
   108.9, 4.3606961e-09
     109, 4.3680789e-09
   109.1, 4.3754613e-09
   109.2, 4.3828432e-09
   109.3, 4.3902248e-09
   109.4, 4.397606e-09
   109.5, 4.4049867e-09
   109.6, 4.412367e-09
   109.7, 4.4197469e-09
   109.8, 4.4271263e-09
   109.9, 4.4345053e-09
     110, 4.4418838e-09
   110.1, 4.4492618e-09
   110.2, 4.4566393e-09
   110.3, 4.4640164e-09
   110.4, 4.471393e-09
   110.5, 4.478769e-09
   110.6, 4.4861445e-09
   110.7, 4.4935196e-09
   110.8, 4.500894e-09
   110.9, 4.508268e-09
     111, 4.5156414e-09
   111.1, 4.5230142e-09
   111.2, 4.5303865e-09
   111.3, 4.5377583e-09
   111.4, 4.5451294e-09
   111.5, 4.5525e-09
   111.6, 4.55987e-09
   111.7, 4.5672394e-09
   111.8, 4.5746081e-09
   111.9, 4.5819763e-09
     112, 4.5893439e-09
   112.1, 4.5967108e-09
   112.2, 4.6040771e-09
   112.3, 4.6114428e-09
   112.4, 4.6188078e-09
   112.5, 4.6261722e-09
   112.6, 4.6335359e-09
   112.7, 4.6408989e-09
   112.8, 4.6482613e-09
   112.9, 4.655623e-09
     113, 4.662984e-09
   113.1, 4.6703443e-09
   113.2, 4.677704e-09
   113.3, 4.6850629e-09
   113.4, 4.6924211e-09
   113.5, 4.6997786e-09
   113.6, 4.7071354e-09
   113.7, 4.7144915e-09
   113.8, 4.7218468e-09
   113.9, 4.7292014e-09
     114, 4.7365552e-09
   114.1, 4.7439083e-09
   114.2, 4.7512606e-09
   114.3, 4.7586122e-09
   114.4, 4.765963e-09
   114.5, 4.7733131e-09
   114.6, 4.7806623e-09
   114.7, 4.7880108e-09
   114.8, 4.7953585e-09
   114.9, 4.8027054e-09
     115, 4.8100515e-09
   115.1, 4.8173968e-09
   115.2, 4.8247412e-09
   115.3, 4.8320849e-09
   115.4, 4.8394278e-09
   115.5, 4.8467698e-09
   115.6, 4.854111e-09
   115.7, 4.8614513e-09
   115.8, 4.8687908e-09
   115.9, 4.8761295e-09
     116, 4.8834673e-09
   116.1, 4.8908043e-09
   116.2, 4.8981404e-09
   116.3, 4.9054757e-09
   116.4, 4.9128101e-09
   116.5, 4.9201436e-09
   116.6, 4.9274762e-09
   116.7, 4.934808e-09
   116.8, 4.9421388e-09
   116.9, 4.9494688e-09
     117, 4.9567979e-09
   117.1, 4.9641261e-09
   117.2, 4.9714534e-09
   117.3, 4.9787797e-09
   117.4, 4.9861052e-09
   117.5, 4.9934298e-09
   117.6, 5.0007534e-09
   117.7, 5.0080761e-09
   117.8, 5.0153979e-09
   117.9, 5.0227188e-09
     118, 5.0300387e-09
   118.1, 5.0373577e-09
   118.2, 5.0446757e-09
   118.3, 5.0519928e-09
   118.4, 5.0593089e-09
   118.5, 5.0666241e-09
   118.6, 5.0739384e-09
   118.7, 5.0812517e-09
   118.8, 5.088564e-09
   118.9, 5.0958753e-09
     119, 5.1031857e-09
   119.1, 5.1104951e-09
   119.2, 5.1178036e-09
   119.3, 5.125111e-09
   119.4, 5.1324175e-09
   119.5, 5.139723e-09
   119.6, 5.1470275e-09
   119.7, 5.154331e-09
   119.8, 5.1616335e-09
   119.9, 5.168935e-09
     120, 5.1762355e-09
   120.1, 5.183535e-09
   120.2, 5.1908335e-09
   120.3, 5.198131e-09
   120.4, 5.2054275e-09
   120.5, 5.2127229e-09
   120.6, 5.2200174e-09
   120.7, 5.2273108e-09
   120.8, 5.2346032e-09
   120.9, 5.2418945e-09
     121, 5.2491849e-09
   121.1, 5.2564742e-09
   121.2, 5.2637625e-09
   121.3, 5.2710497e-09
   121.4, 5.2783359e-09
   121.5, 5.2856211e-09
   121.6, 5.2929052e-09
   121.7, 5.3001882e-09
   121.8, 5.3074703e-09
   121.9, 5.3147512e-09
     122, 5.3220311e-09
   122.1, 5.32931e-09
   122.2, 5.3365878e-09
   122.3, 5.3438645e-09
   122.4, 5.3511402e-09
   122.5, 5.3584148e-09
   122.6, 5.3656884e-09
   122.7, 5.3729609e-09
   122.8, 5.3802323e-09
   122.9, 5.3875026e-09
     123, 5.3947719e-09
   123.1, 5.4020401e-09
   123.2, 5.4093072e-09
   123.3, 5.4165732e-09
   123.4, 5.4238382e-09
   123.5, 5.431102e-09
   123.6, 5.4383648e-09
   123.7, 5.4456265e-09
   123.8, 5.4528871e-09
   123.9, 5.4601466e-09
     124, 5.4674051e-09
   124.1, 5.4746624e-09
   124.2, 5.4819186e-09
   124.3, 5.4891738e-09
   124.4, 5.4964278e-09
   124.5, 5.5036808e-09
   124.6, 5.5109326e-09
   124.7, 5.5181834e-09
   124.8, 5.525433e-09
   124.9, 5.5326816e-09
     125, 5.539929e-09
   125.1, 5.5471753e-09
   125.2, 5.5544205e-09
   125.3, 5.5616646e-09
   125.4, 5.5689076e-09
   125.5, 5.5761495e-09
   125.6, 5.5833903e-09
   125.7, 5.5906299e-09
   125.8, 5.5978685e-09
   125.9, 5.6051059e-09
     126, 5.6123422e-09
   126.1, 5.6195774e-09
   126.2, 5.6268115e-09
   126.3, 5.6340444e-09
   126.4, 5.6412763e-09
   126.5, 5.648507e-09
   126.6, 5.6557365e-09
   126.7, 5.662965e-09
   126.8, 5.6701923e-09
   126.9, 5.6774185e-09
     127, 5.6846436e-09
   127.1, 5.6918676e-09
   127.2, 5.6990904e-09
   127.3, 5.7063121e-09
   127.4, 5.7135327e-09
   127.5, 5.7207521e-09
   127.6, 5.7279704e-09
   127.7, 5.7351876e-09
   127.8, 5.7424036e-09
   127.9, 5.7496185e-09
     128, 5.7568323e-09
   128.1, 5.764045e-09
   128.2, 5.7712565e-09
   128.3, 5.7784668e-09
   128.4, 5.7856761e-09
   128.5, 5.7928842e-09
   128.6, 5.8000911e-09
   128.7, 5.807297e-09
   128.8, 5.8145017e-09
   128.9, 5.8217052e-09
     129, 5.8289076e-09
   129.1, 5.8361089e-09
   129.2, 5.843309e-09
   129.3, 5.850508e-09
   129.4, 5.8577059e-09
   129.5, 5.8649026e-09
   129.6, 5.8720982e-09
   129.7, 5.8792927e-09
   129.8, 5.886486e-09
   129.9, 5.8936781e-09
     130, 5.9008691e-09
   130.1, 5.908059e-09
   130.2, 5.9152478e-09
   130.3, 5.9224354e-09
   130.4, 5.9296218e-09
   130.5, 5.9368072e-09
   130.6, 5.9439913e-09
   130.7, 5.9511744e-09
   130.8, 5.9583563e-09
   130.9, 5.965537e-09
     131, 5.9727167e-09
   131.1, 5.9798951e-09
   131.2, 5.9870725e-09
   131.3, 5.9942487e-09
   131.4, 6.0014237e-09
   131.5, 6.0085976e-09
   131.6, 6.0157704e-09
   131.7, 6.0229421e-09
   131.8, 6.0301125e-09
   131.9, 6.0372819e-09
     132, 6.0444501e-09
   132.1, 6.0516172e-09
   132.2, 6.0587831e-09
   132.3, 6.0659479e-09
   132.4, 6.0731116e-09
   132.5, 6.0802741e-09
   132.6, 6.0874355e-09
   132.7, 6.0945958e-09
   132.8, 6.1017549e-09
   132.9, 6.1089129e-09
     133, 6.1160697e-09
   133.1, 6.1232254e-09
   133.2, 6.13038e-09
   133.3, 6.1375334e-09
   133.4, 6.1446857e-09
   133.5, 6.1518369e-09
   133.6, 6.1589869e-09
   133.7, 6.1661358e-09
   133.8, 6.1732836e-09
   133.9, 6.1804302e-09
     134, 6.1875757e-09
   134.1, 6.1947201e-09
   134.2, 6.2018633e-09
   134.3, 6.2090054e-09
   134.4, 6.2161464e-09
   134.5, 6.2232863e-09
   134.6, 6.230425e-09
   134.7, 6.2375626e-09
   134.8, 6.2446991e-09
   134.9, 6.2518344e-09
     135, 6.2589686e-09
   135.1, 6.2661017e-09
   135.2, 6.2732337e-09
   135.3, 6.2803645e-09
   135.4, 6.2874942e-09
   135.5, 6.2946228e-09
   135.6, 6.3017503e-09
   135.7, 6.3088767e-09
   135.8, 6.3160019e-09
   135.9, 6.323126e-09
     136, 6.330249e-09
   136.1, 6.3373709e-09
   136.2, 6.3444916e-09
   136.3, 6.3516113e-09
   136.4, 6.3587298e-09
   136.5, 6.3658472e-09
   136.6, 6.3729635e-09
   136.7, 6.3800787e-09
   136.8, 6.3871928e-09
   136.9, 6.3943058e-09
     137, 6.4014176e-09
   137.1, 6.4085284e-09
   137.2, 6.415638e-09
   137.3, 6.4227465e-09
   137.4, 6.4298539e-09
   137.5, 6.4369603e-09
   137.6, 6.4440655e-09
   137.7, 6.4511696e-09
   137.8, 6.4582726e-09
   137.9, 6.4653745e-09
     138, 6.4724753e-09
   138.1, 6.479575e-09
   138.2, 6.4866736e-09
   138.3, 6.4937711e-09
   138.4, 6.5008675e-09
   138.5, 6.5079628e-09
   138.6, 6.515057e-09
   138.7, 6.5221502e-09
   138.8, 6.5292422e-09
   138.9, 6.5363331e-09
     139, 6.543423e-09
   139.1, 6.5505118e-09
   139.2, 6.5575994e-09
   139.3, 6.564686e-09
   139.4, 6.5717715e-09
   139.5, 6.5788559e-09
   139.6, 6.5859393e-09
   139.7, 6.5930215e-09
   139.8, 6.6001027e-09
   139.9, 6.6071828e-09
     140, 6.6142618e-09
   140.1, 6.6213397e-09
   140.2, 6.6284165e-09
   140.3, 6.6354923e-09
   140.4, 6.642567e-09
   140.5, 6.6496406e-09
   140.6, 6.6567132e-09
   140.7, 6.6637847e-09
   140.8, 6.6708551e-09
   140.9, 6.6779245e-09
     141, 6.6849927e-09
   141.1, 6.6920599e-09
   141.2, 6.6991261e-09
   141.3, 6.7061912e-09
   141.4, 6.7132552e-09
   141.5, 6.7203182e-09
   141.6, 6.7273801e-09
   141.7, 6.7344409e-09
   141.8, 6.7415007e-09
   141.9, 6.7485594e-09
     142, 6.7556171e-09
   142.1, 6.7626738e-09
   142.2, 6.7697293e-09
   142.3, 6.7767839e-09
   142.4, 6.7838373e-09
   142.5, 6.7908898e-09
   142.6, 6.7979411e-09
   142.7, 6.8049915e-09
   142.8, 6.8120408e-09
   142.9, 6.819089e-09
     143, 6.8261362e-09
   143.1, 6.8331824e-09
   143.2, 6.8402275e-09
   143.3, 6.8472716e-09
   143.4, 6.8543147e-09
   143.5, 6.8613567e-09
   143.6, 6.8683977e-09
   143.7, 6.8754377e-09
   143.8, 6.8824766e-09
   143.9, 6.8895145e-09
     144, 6.8965514e-09
   144.1, 6.9035872e-09
   144.2, 6.9106221e-09
   144.3, 6.9176559e-09
   144.4, 6.9246887e-09
   144.5, 6.9317204e-09
   144.6, 6.9387512e-09
   144.7, 6.9457809e-09
   144.8, 6.9528096e-09
   144.9, 6.9598373e-09
     145, 6.966864e-09
   145.1, 6.9738897e-09
   145.2, 6.9809144e-09
   145.3, 6.987938e-09
   145.4, 6.9949607e-09
   145.5, 7.0019823e-09
   145.6, 7.009003e-09
   145.7, 7.0160226e-09
   145.8, 7.0230413e-09
   145.9, 7.0300589e-09
     146, 7.0370756e-09
   146.1, 7.0440912e-09
   146.2, 7.0511059e-09
   146.3, 7.0581195e-09
   146.4, 7.0651322e-09
   146.5, 7.0721439e-09
   146.6, 7.0791546e-09
   146.7, 7.0861643e-09
   146.8, 7.093173e-09
   146.9, 7.1001808e-09
     147, 7.1071875e-09
   147.1, 7.1141933e-09
   147.2, 7.1211981e-09
   147.3, 7.1282019e-09
   147.4, 7.1352048e-09
   147.5, 7.1422067e-09
   147.6, 7.1492076e-09
   147.7, 7.1562075e-09
   147.8, 7.1632065e-09
   147.9, 7.1702045e-09
     148, 7.1772015e-09
   148.1, 7.1841976e-09
   148.2, 7.1911927e-09
   148.3, 7.1981868e-09
   148.4, 7.20518e-09
   148.5, 7.2121722e-09
   148.6, 7.2191635e-09
   148.7, 7.2261538e-09
   148.8, 7.2331431e-09
   148.9, 7.2401316e-09
     149, 7.247119e-09
   149.1, 7.2541055e-09
   149.2, 7.2610911e-09
   149.3, 7.2680757e-09
   149.4, 7.2750594e-09
   149.5, 7.2820421e-09
   149.6, 7.2890239e-09
   149.7, 7.2960047e-09
   149.8, 7.3029847e-09
   149.9, 7.3099636e-09
     150, 7.3169417e-09
   150.1, 7.3239188e-09
   150.2, 7.330895e-09
   150.3, 7.3378702e-09
   150.4, 7.3448446e-09
   150.5, 7.351818e-09
   150.6, 7.3587904e-09
   150.7, 7.365762e-09
   150.8, 7.3727326e-09
   150.9, 7.3797023e-09
     151, 7.3866711e-09
   151.1, 7.393639e-09
   151.2, 7.400606e-09
   151.3, 7.4075721e-09
   151.4, 7.4145372e-09
   151.5, 7.4215014e-09
   151.6, 7.4284648e-09
   151.7, 7.4354272e-09
   151.8, 7.4423887e-09
   151.9, 7.4493493e-09
     152, 7.4563091e-09
   152.1, 7.4632679e-09
   152.2, 7.4702258e-09
   152.3, 7.4771828e-09
   152.4, 7.484139e-09
   152.5, 7.4910942e-09
   152.6, 7.4980485e-09
   152.7, 7.505002e-09
   152.8, 7.5119546e-09
   152.9, 7.5189063e-09
     153, 7.5258571e-09
   153.1, 7.532807e-09
   153.2, 7.539756e-09
   153.3, 7.5467042e-09
   153.4, 7.5536515e-09
   153.5, 7.5605979e-09
   153.6, 7.5675435e-09
   153.7, 7.5744881e-09
   153.8, 7.5814319e-09
   153.9, 7.5883748e-09
     154, 7.5953169e-09
   154.1, 7.6022581e-09
   154.2, 7.6091984e-09
   154.3, 7.6161379e-09
   154.4, 7.6230765e-09
   154.5, 7.6300143e-09
   154.6, 7.6369512e-09
   154.7, 7.6438872e-09
   154.8, 7.6508224e-09
   154.9, 7.6577567e-09
     155, 7.6646902e-09
   155.1, 7.6716229e-09
   155.2, 7.6785547e-09
   155.3, 7.6854856e-09
   155.4, 7.6924157e-09
   155.5, 7.699345e-09
   155.6, 7.7062734e-09
   155.7, 7.713201e-09
   155.8, 7.7201277e-09
   155.9, 7.7270537e-09
     156, 7.7339787e-09
   156.1, 7.740903e-09
   156.2, 7.7478264e-09
   156.3, 7.754749e-09
   156.4, 7.7616708e-09
   156.5, 7.7685917e-09
   156.6, 7.7755119e-09
   156.7, 7.7824312e-09
   156.8, 7.7893496e-09
   156.9, 7.7962673e-09
     157, 7.8031842e-09
   157.1, 7.8101002e-09
   157.2, 7.8170154e-09
   157.3, 7.8239298e-09
   157.4, 7.8308434e-09
   157.5, 7.8377562e-09
   157.6, 7.8446682e-09
   157.7, 7.8515794e-09
   157.8, 7.8584898e-09
   157.9, 7.8653994e-09
     158, 7.8723082e-09
   158.1, 7.8792162e-09
   158.2, 7.8861234e-09
   158.3, 7.8930298e-09
   158.4, 7.8999354e-09
   158.5, 7.9068402e-09
   158.6, 7.9137442e-09
   158.7, 7.9206475e-09
   158.8, 7.9275499e-09
   158.9, 7.9344516e-09
     159, 7.9413525e-09
   159.1, 7.9482526e-09
   159.2, 7.955152e-09
   159.3, 7.9620505e-09
   159.4, 7.9689483e-09
   159.5, 7.9758453e-09
   159.6, 7.9827416e-09
   159.7, 7.989637e-09
   159.8, 7.9965317e-09
   159.9, 8.0034257e-09
     160, 8.0103188e-09
   160.1, 8.0172113e-09
   160.2, 8.0241029e-09
   160.3, 8.0309938e-09
   160.4, 8.0378839e-09
   160.5, 8.0447733e-09
   160.6, 8.0516619e-09
   160.7, 8.0585498e-09
   160.8, 8.0654369e-09
   160.9, 8.0723233e-09
     161, 8.0792089e-09
   161.1, 8.0860938e-09
   161.2, 8.0929779e-09
   161.3, 8.0998613e-09
   161.4, 8.1067439e-09
   161.5, 8.1136258e-09
   161.6, 8.120507e-09
   161.7, 8.1273874e-09
   161.8, 8.1342671e-09
   161.9, 8.1411461e-09
     162, 8.1480243e-09
   162.1, 8.1549018e-09
   162.2, 8.1617786e-09
   162.3, 8.1686547e-09
   162.4, 8.17553e-09
   162.5, 8.1824046e-09
   162.6, 8.1892785e-09
   162.7, 8.1961517e-09
   162.8, 8.2030241e-09
   162.9, 8.2098958e-09
     163, 8.2167669e-09
   163.1, 8.2236372e-09
   163.2, 8.2305068e-09
   163.3, 8.2373756e-09
   163.4, 8.2442438e-09
   163.5, 8.2511113e-09
   163.6, 8.2579781e-09
   163.7, 8.2648441e-09
   163.8, 8.2717095e-09
   163.9, 8.2785742e-09
     164, 8.2854381e-09
   164.1, 8.2923014e-09
   164.2, 8.299164e-09
   164.3, 8.3060259e-09
   164.4, 8.312887e-09
   164.5, 8.3197476e-09
   164.6, 8.3266074e-09
   164.7, 8.3334665e-09
   164.8, 8.3403249e-09
   164.9, 8.3471827e-09
     165, 8.3540398e-09
   165.1, 8.3608962e-09
   165.2, 8.3677519e-09
   165.3, 8.374607e-09
   165.4, 8.3814613e-09
   165.5, 8.388315e-09
   165.6, 8.3951681e-09
   165.7, 8.4020204e-09
   165.8, 8.4088721e-09
   165.9, 8.4157232e-09
     166, 8.4225735e-09
   166.1, 8.4294232e-09
   166.2, 8.4362723e-09
   166.3, 8.4431206e-09
   166.4, 8.4499683e-09
   166.5, 8.4568154e-09
   166.6, 8.4636618e-09
   166.7, 8.4705076e-09
   166.8, 8.4773527e-09
   166.9, 8.4841971e-09
     167, 8.4910409e-09
   167.1, 8.4978841e-09
   167.2, 8.5047266e-09
   167.3, 8.5115685e-09
   167.4, 8.5184097e-09
   167.5, 8.5252503e-09
   167.6, 8.5320902e-09
   167.7, 8.5389295e-09
   167.8, 8.5457682e-09
   167.9, 8.5526062e-09
     168, 8.5594436e-09
   168.1, 8.5662804e-09
   168.2, 8.5731166e-09
   168.3, 8.5799521e-09
   168.4, 8.586787e-09
   168.5, 8.5936212e-09
   168.6, 8.6004549e-09
   168.7, 8.6072879e-09
   168.8, 8.6141203e-09
   168.9, 8.6209521e-09
     169, 8.6277832e-09
   169.1, 8.6346138e-09
   169.2, 8.6414437e-09
   169.3, 8.6482731e-09
   169.4, 8.6551018e-09
   169.5, 8.6619299e-09
   169.6, 8.6687574e-09
   169.7, 8.6755843e-09
   169.8, 8.6824106e-09
   169.9, 8.6892362e-09
     170, 8.6960613e-09
   170.1, 8.7028858e-09
   170.2, 8.7097097e-09
   170.3, 8.716533e-09
   170.4, 8.7233557e-09
   170.5, 8.7301778e-09
   170.6, 8.7369993e-09
   170.7, 8.7438202e-09
   170.8, 8.7506406e-09
   170.9, 8.7574603e-09
     171, 8.7642795e-09
   171.1, 8.771098e-09
   171.2, 8.777916e-09
   171.3, 8.7847335e-09
   171.4, 8.7915503e-09
   171.5, 8.7983665e-09
   171.6, 8.8051822e-09
   171.7, 8.8119973e-09
   171.8, 8.8188119e-09
   171.9, 8.8256258e-09
     172, 8.8324392e-09
   172.1, 8.839252e-09
   172.2, 8.8460643e-09
   172.3, 8.852876e-09
   172.4, 8.8596871e-09
   172.5, 8.8664976e-09
   172.6, 8.8733076e-09
   172.7, 8.8801171e-09
   172.8, 8.886926e-09
   172.9, 8.8937343e-09
     173, 8.9005421e-09
   173.1, 8.9073493e-09
   173.2, 8.9141559e-09
   173.3, 8.9209621e-09
   173.4, 8.9277676e-09
   173.5, 8.9345726e-09
   173.6, 8.9413771e-09
   173.7, 8.948181e-09
   173.8, 8.9549844e-09
   173.9, 8.9617873e-09
     174, 8.9685896e-09
   174.1, 8.9753913e-09
   174.2, 8.9821925e-09
   174.3, 8.9889932e-09
   174.4, 8.9957934e-09
   174.5, 9.002593e-09
   174.6, 9.0093921e-09
   174.7, 9.0161906e-09
   174.8, 9.0229887e-09
   174.9, 9.0297862e-09
     175, 9.0365832e-09
   175.1, 9.0433796e-09
   175.2, 9.0501755e-09
   175.3, 9.056971e-09
   175.4, 9.0637658e-09
   175.5, 9.0705602e-09
   175.6, 9.0773541e-09
   175.7, 9.0841474e-09
   175.8, 9.0909402e-09
   175.9, 9.0977326e-09
     176, 9.1045244e-09
   176.1, 9.1113156e-09
   176.2, 9.1181064e-09
   176.3, 9.1248967e-09
   176.4, 9.1316865e-09
   176.5, 9.1384758e-09
   176.6, 9.1452645e-09
   176.7, 9.1520528e-09
   176.8, 9.1588405e-09
   176.9, 9.1656278e-09
     177, 9.1724146e-09
   177.1, 9.1792009e-09
   177.2, 9.1859866e-09
   177.3, 9.1927719e-09
   177.4, 9.1995567e-09
   177.5, 9.206341e-09
   177.6, 9.2131249e-09
   177.7, 9.2199082e-09
   177.8, 9.226691e-09
   177.9, 9.2334734e-09
     178, 9.2402553e-09
   178.1, 9.2470367e-09
   178.2, 9.2538176e-09
   178.3, 9.260598e-09
   178.4, 9.267378e-09
   178.5, 9.2741575e-09
   178.6, 9.2809365e-09
   178.7, 9.287715e-09
   178.8, 9.2944931e-09
   178.9, 9.3012707e-09
     179, 9.3080478e-09
   179.1, 9.3148245e-09
   179.2, 9.3216007e-09
   179.3, 9.3283764e-09
   179.4, 9.3351517e-09
   179.5, 9.3419265e-09
   179.6, 9.3487008e-09
   179.7, 9.3554747e-09
   179.8, 9.3622482e-09
   179.9, 9.3690211e-09
     180, 9.3757937e-09
   180.1, 9.3825657e-09
   180.2, 9.3893373e-09
   180.3, 9.3961085e-09
   180.4, 9.4028792e-09
   180.5, 9.4096495e-09
   180.6, 9.4164193e-09
   180.7, 9.4231886e-09
   180.8, 9.4299576e-09
   180.9, 9.436726e-09
     181, 9.4434941e-09
   181.1, 9.4502617e-09
   181.2, 9.4570288e-09
   181.3, 9.4637956e-09
   181.4, 9.4705618e-09
   181.5, 9.4773277e-09
   181.6, 9.4840931e-09
   181.7, 9.4908581e-09
   181.8, 9.4976226e-09
   181.9, 9.5043868e-09
     182, 9.5111505e-09
   182.1, 9.5179137e-09
   182.2, 9.5246766e-09
   182.3, 9.531439e-09
   182.4, 9.538201e-09
   182.5, 9.5449625e-09
   182.6, 9.5517237e-09
   182.7, 9.5584844e-09
   182.8, 9.5652447e-09
   182.9, 9.5720046e-09
     183, 9.5787641e-09
   183.1, 9.5855232e-09
   183.2, 9.5922818e-09
   183.3, 9.5990401e-09
   183.4, 9.6057979e-09
   183.5, 9.6125553e-09
   183.6, 9.6193123e-09
   183.7, 9.626069e-09
   183.8, 9.6328252e-09
   183.9, 9.639581e-09
     184, 9.6463363e-09
   184.1, 9.6530913e-09
   184.2, 9.6598459e-09
   184.3, 9.6666001e-09
   184.4, 9.6733539e-09
   184.5, 9.6801073e-09
   184.6, 9.6868603e-09
   184.7, 9.6936129e-09
   184.8, 9.7003652e-09
   184.9, 9.707117e-09
     185, 9.7138684e-09
   185.1, 9.7206195e-09
   185.2, 9.7273701e-09
   185.3, 9.7341204e-09
   185.4, 9.7408703e-09
   185.5, 9.7476198e-09
   185.6, 9.7543689e-09
   185.7, 9.7611177e-09
   185.8, 9.767866e-09
   185.9, 9.774614e-09
     186, 9.7813616e-09
   186.1, 9.7881088e-09
   186.2, 9.7948557e-09
   186.3, 9.8016022e-09
   186.4, 9.8083483e-09
   186.5, 9.815094e-09
   186.6, 9.8218394e-09
   186.7, 9.8285844e-09
   186.8, 9.835329e-09
   186.9, 9.8420732e-09
     187, 9.8488171e-09
   187.1, 9.8555607e-09
   187.2, 9.8623038e-09
   187.3, 9.8690466e-09
   187.4, 9.8757891e-09
   187.5, 9.8825311e-09
   187.6, 9.8892729e-09
   187.7, 9.8960142e-09
   187.8, 9.9027552e-09
   187.9, 9.9094959e-09
     188, 9.9162362e-09
   188.1, 9.9229761e-09
   188.2, 9.9297157e-09
   188.3, 9.936455e-09
   188.4, 9.9431939e-09
   188.5, 9.9499324e-09
   188.6, 9.9566706e-09
   188.7, 9.9634085e-09
   188.8, 9.970146e-09
   188.9, 9.9768832e-09
     189, 9.98362e-09
   189.1, 9.9903565e-09
   189.2, 9.9970926e-09
   189.3, 1.0003828e-08
   189.4, 1.0010564e-08
   189.5, 1.0017299e-08
   189.6, 1.0024034e-08
   189.7, 1.0030768e-08
   189.8, 1.0037502e-08
   189.9, 1.0044236e-08
     190, 1.005097e-08
   190.1, 1.0057703e-08
   190.2, 1.0064436e-08
   190.3, 1.0071168e-08
   190.4, 1.00779e-08
   190.5, 1.0084632e-08
   190.6, 1.0091364e-08
   190.7, 1.0098095e-08
   190.8, 1.0104826e-08
   190.9, 1.0111556e-08
     191, 1.0118287e-08
   191.1, 1.0125016e-08
   191.2, 1.0131746e-08
   191.3, 1.0138475e-08
   191.4, 1.0145204e-08
   191.5, 1.0151933e-08
   191.6, 1.0158661e-08
   191.7, 1.0165389e-08
   191.8, 1.0172117e-08
   191.9, 1.0178844e-08
     192, 1.0185571e-08
   192.1, 1.0192298e-08
   192.2, 1.0199025e-08
   192.3, 1.0205751e-08
   192.4, 1.0212477e-08
   192.5, 1.0219202e-08
   192.6, 1.0225928e-08
   192.7, 1.0232653e-08
   192.8, 1.0239377e-08
   192.9, 1.0246102e-08
     193, 1.0252826e-08
   193.1, 1.025955e-08
   193.2, 1.0266273e-08
   193.3, 1.0272996e-08
   193.4, 1.0279719e-08
   193.5, 1.0286442e-08
   193.6, 1.0293164e-08
   193.7, 1.0299886e-08
   193.8, 1.0306608e-08
   193.9, 1.0313329e-08
     194, 1.032005e-08
   194.1, 1.0326771e-08
   194.2, 1.0333492e-08
   194.3, 1.0340212e-08
   194.4, 1.0346932e-08
   194.5, 1.0353652e-08
   194.6, 1.0360371e-08
   194.7, 1.0367091e-08
   194.8, 1.037381e-08
   194.9, 1.0380528e-08
     195, 1.0387246e-08
   195.1, 1.0393965e-08
   195.2, 1.0400682e-08
   195.3, 1.04074e-08
   195.4, 1.0414117e-08
   195.5, 1.0420834e-08
   195.6, 1.0427551e-08
   195.7, 1.0434267e-08
   195.8, 1.0440984e-08
   195.9, 1.0447699e-08
     196, 1.0454415e-08
   196.1, 1.046113e-08
   196.2, 1.0467846e-08
   196.3, 1.047456e-08
   196.4, 1.0481275e-08
   196.5, 1.0487989e-08
   196.6, 1.0494703e-08
   196.7, 1.0501417e-08
   196.8, 1.0508131e-08
   196.9, 1.0514844e-08
     197, 1.0521557e-08
   197.1, 1.052827e-08
   197.2, 1.0534983e-08
   197.3, 1.0541695e-08
   197.4, 1.0548407e-08
   197.5, 1.0555119e-08
   197.6, 1.056183e-08
   197.7, 1.0568541e-08
   197.8, 1.0575253e-08
   197.9, 1.0581963e-08
     198, 1.0588674e-08
   198.1, 1.0595384e-08
   198.2, 1.0602094e-08
   198.3, 1.0608804e-08
   198.4, 1.0615514e-08
   198.5, 1.0622223e-08
   198.6, 1.0628932e-08
   198.7, 1.0635641e-08
   198.8, 1.0642349e-08
   198.9, 1.0649058e-08
     199, 1.0655766e-08
   199.1, 1.0662474e-08
   199.2, 1.0669182e-08
   199.3, 1.0675889e-08
   199.4, 1.0682596e-08
   199.5, 1.0689303e-08
   199.6, 1.069601e-08
   199.7, 1.0702716e-08
   199.8, 1.0709423e-08
   199.9, 1.0716129e-08
     200, 1.0722835e-08
   200.1, 1.072954e-08
   200.2, 1.0736246e-08
   200.3, 1.0742951e-08
   200.4, 1.0749656e-08
   200.5, 1.075636e-08
   200.6, 1.0763065e-08
   200.7, 1.0769769e-08
   200.8, 1.0776473e-08
   200.9, 1.0783177e-08
     201, 1.0789881e-08
   201.1, 1.0796584e-08
   201.2, 1.0803287e-08
   201.3, 1.080999e-08
   201.4, 1.0816693e-08
   201.5, 1.0823396e-08
   201.6, 1.0830098e-08
   201.7, 1.08368e-08
   201.8, 1.0843502e-08
   201.9, 1.0850204e-08
     202, 1.0856905e-08
   202.1, 1.0863607e-08
   202.2, 1.0870308e-08
   202.3, 1.0877008e-08
   202.4, 1.0883709e-08
   202.5, 1.089041e-08
   202.6, 1.089711e-08
   202.7, 1.090381e-08
   202.8, 1.091051e-08
   202.9, 1.091721e-08
     203, 1.0923909e-08
   203.1, 1.0930608e-08
   203.2, 1.0937307e-08
   203.3, 1.0944006e-08
   203.4, 1.0950705e-08
   203.5, 1.0957403e-08
   203.6, 1.0964102e-08
   203.7, 1.09708e-08
   203.8, 1.0977498e-08
   203.9, 1.0984195e-08
     204, 1.0990893e-08
   204.1, 1.099759e-08
   204.2, 1.1004287e-08
   204.3, 1.1010984e-08
   204.4, 1.1017681e-08
   204.5, 1.1024378e-08
   204.6, 1.1031074e-08
   204.7, 1.103777e-08
   204.8, 1.1044466e-08
   204.9, 1.1051162e-08
     205, 1.1057858e-08
   205.1, 1.1064553e-08
   205.2, 1.1071249e-08
   205.3, 1.1077944e-08
   205.4, 1.1084639e-08
   205.5, 1.1091334e-08
   205.6, 1.1098028e-08
   205.7, 1.1104723e-08
   205.8, 1.1111417e-08
   205.9, 1.1118111e-08
     206, 1.1124805e-08
   206.1, 1.1131499e-08
   206.2, 1.1138192e-08
   206.3, 1.1144885e-08
   206.4, 1.1151579e-08
   206.5, 1.1158272e-08
   206.6, 1.1164965e-08
   206.7, 1.1171657e-08
   206.8, 1.117835e-08
   206.9, 1.1185042e-08
     207, 1.1191734e-08
   207.1, 1.1198427e-08
   207.2, 1.1205118e-08
   207.3, 1.121181e-08
   207.4, 1.1218502e-08
   207.5, 1.1225193e-08
   207.6, 1.1231884e-08
   207.7, 1.1238575e-08
   207.8, 1.1245266e-08
   207.9, 1.1251957e-08
     208, 1.1258648e-08
   208.1, 1.1265338e-08
   208.2, 1.1272029e-08
   208.3, 1.1278719e-08
   208.4, 1.1285409e-08
   208.5, 1.1292098e-08
   208.6, 1.1298788e-08
   208.7, 1.1305478e-08
   208.8, 1.1312167e-08
   208.9, 1.1318856e-08
     209, 1.1325545e-08
   209.1, 1.1332234e-08
   209.2, 1.1338923e-08
   209.3, 1.1345612e-08
   209.4, 1.13523e-08
   209.5, 1.1358989e-08
   209.6, 1.1365677e-08
   209.7, 1.1372365e-08
   209.8, 1.1379053e-08
   209.9, 1.1385741e-08
     210, 1.1392428e-08
   210.1, 1.1399116e-08
   210.2, 1.1405803e-08
   210.3, 1.141249e-08
   210.4, 1.1419177e-08
   210.5, 1.1425864e-08
   210.6, 1.1432551e-08
   210.7, 1.1439238e-08
   210.8, 1.1445924e-08
   210.9, 1.1452611e-08
     211, 1.1459297e-08
   211.1, 1.1465983e-08
   211.2, 1.1472669e-08
   211.3, 1.1479355e-08
   211.4, 1.1486041e-08
   211.5, 1.1492726e-08
   211.6, 1.1499412e-08
   211.7, 1.1506097e-08
   211.8, 1.1512783e-08
   211.9, 1.1519468e-08
     212, 1.1526153e-08
   212.1, 1.1532838e-08
   212.2, 1.1539522e-08
   212.3, 1.1546207e-08
   212.4, 1.1552891e-08
   212.5, 1.1559576e-08
   212.6, 1.156626e-08
   212.7, 1.1572944e-08
   212.8, 1.1579628e-08
   212.9, 1.1586312e-08
     213, 1.1592996e-08
   213.1, 1.1599679e-08
   213.2, 1.1606363e-08
   213.3, 1.1613046e-08
   213.4, 1.161973e-08
   213.5, 1.1626413e-08
   213.6, 1.1633096e-08
   213.7, 1.1639779e-08
   213.8, 1.1646462e-08
   213.9, 1.1653144e-08
     214, 1.1659827e-08
   214.1, 1.1666509e-08
   214.2, 1.1673192e-08
   214.3, 1.1679874e-08
   214.4, 1.1686556e-08
   214.5, 1.1693238e-08
   214.6, 1.169992e-08
   214.7, 1.1706602e-08
   214.8, 1.1713284e-08
   214.9, 1.1719966e-08
     215, 1.1726647e-08
   215.1, 1.1733329e-08
   215.2, 1.174001e-08
   215.3, 1.1746691e-08
   215.4, 1.1753372e-08
   215.5, 1.1760053e-08
   215.6, 1.1766734e-08
   215.7, 1.1773415e-08
   215.8, 1.1780096e-08
   215.9, 1.1786776e-08
     216, 1.1793457e-08
   216.1, 1.1800137e-08
   216.2, 1.1806818e-08
   216.3, 1.1813498e-08
   216.4, 1.1820178e-08
   216.5, 1.1826858e-08
   216.6, 1.1833538e-08
   216.7, 1.1840218e-08
   216.8, 1.1846898e-08
   216.9, 1.1853577e-08
     217, 1.1860257e-08
   217.1, 1.1866937e-08
   217.2, 1.1873616e-08
   217.3, 1.1880295e-08
   217.4, 1.1886975e-08
   217.5, 1.1893654e-08
   217.6, 1.1900333e-08
   217.7, 1.1907012e-08
   217.8, 1.1913691e-08
   217.9, 1.1920369e-08
     218, 1.1927048e-08
   218.1, 1.1933727e-08
   218.2, 1.1940405e-08
   218.3, 1.1947084e-08
   218.4, 1.1953762e-08
   218.5, 1.1960441e-08
   218.6, 1.1967119e-08
   218.7, 1.1973797e-08
   218.8, 1.1980475e-08
   218.9, 1.1987153e-08
     219, 1.1993831e-08
   219.1, 1.2000509e-08
   219.2, 1.2007187e-08
   219.3, 1.2013864e-08
   219.4, 1.2020542e-08
   219.5, 1.2027219e-08
   219.6, 1.2033897e-08
   219.7, 1.2040574e-08
   219.8, 1.2047252e-08
   219.9, 1.2053929e-08
     220, 1.2060606e-08
   220.1, 1.2067283e-08
   220.2, 1.207396e-08
   220.3, 1.2080637e-08
   220.4, 1.2087314e-08
   220.5, 1.2093991e-08
   220.6, 1.2100668e-08
   220.7, 1.2107344e-08
   220.8, 1.2114021e-08
   220.9, 1.2120698e-08
     221, 1.2127374e-08
   221.1, 1.213405e-08
   221.2, 1.2140727e-08
   221.3, 1.2147403e-08
   221.4, 1.2154079e-08
   221.5, 1.2160756e-08
   221.6, 1.2167432e-08
   221.7, 1.2174108e-08
   221.8, 1.2180784e-08
   221.9, 1.218746e-08
     222, 1.2194136e-08
   222.1, 1.2200811e-08
   222.2, 1.2207487e-08
   222.3, 1.2214163e-08
   222.4, 1.2220838e-08
   222.5, 1.2227514e-08
   222.6, 1.223419e-08
   222.7, 1.2240865e-08
   222.8, 1.224754e-08
   222.9, 1.2254216e-08
     223, 1.2260891e-08
   223.1, 1.2267566e-08
   223.2, 1.2274242e-08
   223.3, 1.2280917e-08
   223.4, 1.2287592e-08
   223.5, 1.2294267e-08
   223.6, 1.2300942e-08
   223.7, 1.2307617e-08
   223.8, 1.2314292e-08
   223.9, 1.2320967e-08
     224, 1.2327642e-08
   224.1, 1.2334316e-08
   224.2, 1.2340991e-08
   224.3, 1.2347666e-08
   224.4, 1.235434e-08
   224.5, 1.2361015e-08
   224.6, 1.236769e-08
   224.7, 1.2374364e-08
   224.8, 1.2381039e-08
   224.9, 1.2387713e-08
     225, 1.2394387e-08
   225.1, 1.2401062e-08
   225.2, 1.2407736e-08
   225.3, 1.241441e-08
   225.4, 1.2421084e-08
   225.5, 1.2427759e-08
   225.6, 1.2434433e-08
   225.7, 1.2441107e-08
   225.8, 1.2447781e-08
   225.9, 1.2454455e-08
     226, 1.2461129e-08
   226.1, 1.2467803e-08
   226.2, 1.2474477e-08
   226.3, 1.2481151e-08
   226.4, 1.2487825e-08
   226.5, 1.2494498e-08
   226.6, 1.2501172e-08
   226.7, 1.2507846e-08
   226.8, 1.251452e-08
   226.9, 1.2521193e-08
     227, 1.2527867e-08
   227.1, 1.2534541e-08
   227.2, 1.2541214e-08
   227.3, 1.2547888e-08
   227.4, 1.2554561e-08
   227.5, 1.2561235e-08
   227.6, 1.2567908e-08
   227.7, 1.2574582e-08
   227.8, 1.2581255e-08
   227.9, 1.2587929e-08
     228, 1.2594602e-08
   228.1, 1.2601275e-08
   228.2, 1.2607949e-08
   228.3, 1.2614622e-08
   228.4, 1.2621295e-08
   228.5, 1.2627969e-08
   228.6, 1.2634642e-08
   228.7, 1.2641315e-08
   228.8, 1.2647988e-08
   228.9, 1.2654662e-08
     229, 1.2661335e-08
   229.1, 1.2668008e-08
   229.2, 1.2674681e-08
   229.3, 1.2681354e-08
   229.4, 1.2688027e-08
   229.5, 1.26947e-08
   229.6, 1.2701373e-08
   229.7, 1.2708046e-08
   229.8, 1.2714719e-08
   229.9, 1.2721392e-08
     230, 1.2728065e-08
   230.1, 1.2734738e-08
   230.2, 1.2741411e-08
   230.3, 1.2748084e-08
   230.4, 1.2754757e-08
   230.5, 1.276143e-08
   230.6, 1.2768103e-08
   230.7, 1.2774776e-08
   230.8, 1.2781449e-08
   230.9, 1.2788122e-08
     231, 1.2794795e-08
   231.1, 1.2801467e-08
   231.2, 1.280814e-08
   231.3, 1.2814813e-08
   231.4, 1.2821486e-08
   231.5, 1.2828159e-08
   231.6, 1.2834832e-08
   231.7, 1.2841504e-08
   231.8, 1.2848177e-08
   231.9, 1.285485e-08
     232, 1.2861523e-08
   232.1, 1.2868196e-08
   232.2, 1.2874868e-08
   232.3, 1.2881541e-08
   232.4, 1.2888214e-08
   232.5, 1.2894887e-08
   232.6, 1.2901559e-08
   232.7, 1.2908232e-08
   232.8, 1.2914905e-08
   232.9, 1.2921578e-08
     233, 1.2928251e-08
   233.1, 1.2934923e-08
   233.2, 1.2941596e-08
   233.3, 1.2948269e-08
   233.4, 1.2954942e-08
   233.5, 1.2961614e-08
   233.6, 1.2968287e-08
   233.7, 1.297496e-08
   233.8, 1.2981633e-08
   233.9, 1.2988306e-08
     234, 1.2994978e-08
   234.1, 1.3001651e-08
   234.2, 1.3008324e-08
   234.3, 1.3014997e-08
   234.4, 1.302167e-08
   234.5, 1.3028342e-08
   234.6, 1.3035015e-08
   234.7, 1.3041688e-08
   234.8, 1.3048361e-08
   234.9, 1.3055034e-08
     235, 1.3061707e-08
   235.1, 1.306838e-08
   235.2, 1.3075052e-08
   235.3, 1.3081725e-08
   235.4, 1.3088398e-08
   235.5, 1.3095071e-08
   235.6, 1.3101744e-08
   235.7, 1.3108417e-08
   235.8, 1.311509e-08
   235.9, 1.3121763e-08
     236, 1.3128436e-08
   236.1, 1.3135109e-08
   236.2, 1.3141782e-08
   236.3, 1.3148455e-08
   236.4, 1.3155128e-08
   236.5, 1.3161801e-08
   236.6, 1.3168474e-08
   236.7, 1.3175147e-08
   236.8, 1.318182e-08
   236.9, 1.3188493e-08
     237, 1.3195167e-08
   237.1, 1.320184e-08
   237.2, 1.3208513e-08
   237.3, 1.3215186e-08
   237.4, 1.3221859e-08
   237.5, 1.3228533e-08
   237.6, 1.3235206e-08
   237.7, 1.3241879e-08
   237.8, 1.3248552e-08
   237.9, 1.3255226e-08
     238, 1.3261899e-08
   238.1, 1.3268573e-08
   238.2, 1.3275246e-08
   238.3, 1.3281919e-08
   238.4, 1.3288593e-08
   238.5, 1.3295266e-08
   238.6, 1.330194e-08
   238.7, 1.3308613e-08
   238.8, 1.3315287e-08
   238.9, 1.332196e-08
     239, 1.3328634e-08
   239.1, 1.3335308e-08
   239.2, 1.3341981e-08
   239.3, 1.3348655e-08
   239.4, 1.3355329e-08
   239.5, 1.3362002e-08
   239.6, 1.3368676e-08
   239.7, 1.337535e-08
   239.8, 1.3382024e-08
   239.9, 1.3388698e-08
     240, 1.3395371e-08
   240.1, 1.3402045e-08
   240.2, 1.3408719e-08
   240.3, 1.3415393e-08
   240.4, 1.3422067e-08
   240.5, 1.3428741e-08
   240.6, 1.3435415e-08
   240.7, 1.3442089e-08
   240.8, 1.3448764e-08
   240.9, 1.3455438e-08
     241, 1.3462112e-08
   241.1, 1.3468786e-08
   241.2, 1.3475461e-08
   241.3, 1.3482135e-08
   241.4, 1.3488809e-08
   241.5, 1.3495484e-08
   241.6, 1.3502158e-08
   241.7, 1.3508832e-08
   241.8, 1.3515507e-08
   241.9, 1.3522182e-08
     242, 1.3528856e-08
   242.1, 1.3535531e-08
   242.2, 1.3542205e-08
   242.3, 1.354888e-08
   242.4, 1.3555555e-08
   242.5, 1.356223e-08
   242.6, 1.3568904e-08
   242.7, 1.3575579e-08
   242.8, 1.3582254e-08
   242.9, 1.3588929e-08
     243, 1.3595604e-08
   243.1, 1.3602279e-08
   243.2, 1.3608954e-08
   243.3, 1.3615629e-08
   243.4, 1.3622304e-08
   243.5, 1.362898e-08
   243.6, 1.3635655e-08
   243.7, 1.364233e-08
   243.8, 1.3649006e-08
   243.9, 1.3655681e-08
     244, 1.3662356e-08
   244.1, 1.3669032e-08
   244.2, 1.3675707e-08
   244.3, 1.3682383e-08
   244.4, 1.3689059e-08
   244.5, 1.3695734e-08
   244.6, 1.370241e-08
   244.7, 1.3709086e-08
   244.8, 1.3715762e-08
   244.9, 1.3722437e-08
     245, 1.3729113e-08
   245.1, 1.3735789e-08
   245.2, 1.3742465e-08
   245.3, 1.3749141e-08
   245.4, 1.3755817e-08
   245.5, 1.3762494e-08
   245.6, 1.376917e-08
   245.7, 1.3775846e-08
   245.8, 1.3782522e-08
   245.9, 1.3789199e-08
     246, 1.3795875e-08
   246.1, 1.3802552e-08
   246.2, 1.3809228e-08
   246.3, 1.3815905e-08
   246.4, 1.3822582e-08
   246.5, 1.3829258e-08
   246.6, 1.3835935e-08
   246.7, 1.3842612e-08
   246.8, 1.3849289e-08
   246.9, 1.3855966e-08
     247, 1.3862643e-08
   247.1, 1.386932e-08
   247.2, 1.3875997e-08
   247.3, 1.3882674e-08
   247.4, 1.3889351e-08
   247.5, 1.3896029e-08
   247.6, 1.3902706e-08
   247.7, 1.3909383e-08
   247.8, 1.3916061e-08
   247.9, 1.3922738e-08
     248, 1.3929416e-08
   248.1, 1.3936093e-08
   248.2, 1.3942771e-08
   248.3, 1.3949449e-08
   248.4, 1.3956127e-08
   248.5, 1.3962805e-08
   248.6, 1.3969483e-08
   248.7, 1.3976161e-08
   248.8, 1.3982839e-08
   248.9, 1.3989517e-08
     249, 1.3996195e-08
   249.1, 1.4002873e-08
   249.2, 1.4009552e-08
   249.3, 1.401623e-08
   249.4, 1.4022909e-08
   249.5, 1.4029587e-08
   249.6, 1.4036266e-08
   249.7, 1.4042944e-08
   249.8, 1.4049623e-08
   249.9, 1.4056302e-08
     250, 1.4062981e-08
   250.1, 1.406966e-08
   250.2, 1.4076339e-08
   250.3, 1.4083018e-08
   250.4, 1.4089697e-08
   250.5, 1.4096376e-08
   250.6, 1.4103055e-08
   250.7, 1.4109735e-08
   250.8, 1.4116414e-08
   250.9, 1.4123094e-08
     251, 1.4129773e-08
   251.1, 1.4136453e-08
   251.2, 1.4143132e-08
   251.3, 1.4149812e-08
   251.4, 1.4156492e-08
   251.5, 1.4163172e-08
   251.6, 1.4169852e-08
   251.7, 1.4176532e-08
   251.8, 1.4183212e-08
   251.9, 1.4189892e-08
     252, 1.4196573e-08
   252.1, 1.4203253e-08
   252.2, 1.4209933e-08
   252.3, 1.4216614e-08
   252.4, 1.4223295e-08
   252.5, 1.4229975e-08
   252.6, 1.4236656e-08
   252.7, 1.4243337e-08
   252.8, 1.4250018e-08
   252.9, 1.4256699e-08
     253, 1.426338e-08
   253.1, 1.4270061e-08
   253.2, 1.4276742e-08
   253.3, 1.4283423e-08
   253.4, 1.4290104e-08
   253.5, 1.4296786e-08
   253.6, 1.4303467e-08
   253.7, 1.4310149e-08
   253.8, 1.4316831e-08
   253.9, 1.4323512e-08
     254, 1.4330194e-08
   254.1, 1.4336876e-08
   254.2, 1.4343558e-08
   254.3, 1.435024e-08
   254.4, 1.4356922e-08
   254.5, 1.4363605e-08
   254.6, 1.4370287e-08
   254.7, 1.4376969e-08
   254.8, 1.4383652e-08
   254.9, 1.4390334e-08
     255, 1.4397017e-08
   255.1, 1.44037e-08
   255.2, 1.4410382e-08
   255.3, 1.4417065e-08
   255.4, 1.4423748e-08
   255.5, 1.4430431e-08
   255.6, 1.4437114e-08
   255.7, 1.4443798e-08
   255.8, 1.4450481e-08
   255.9, 1.4457164e-08
     256, 1.4463848e-08
   256.1, 1.4470531e-08
   256.2, 1.4477215e-08
   256.3, 1.4483899e-08
   256.4, 1.4490583e-08
   256.5, 1.4497267e-08
   256.6, 1.4503951e-08
   256.7, 1.4510635e-08
   256.8, 1.4517319e-08
   256.9, 1.4524003e-08
     257, 1.4530687e-08
   257.1, 1.4537372e-08
   257.2, 1.4544056e-08
   257.3, 1.4550741e-08
   257.4, 1.4557426e-08
   257.5, 1.4564111e-08
   257.6, 1.4570795e-08
   257.7, 1.457748e-08
   257.8, 1.4584165e-08
   257.9, 1.4590851e-08
     258, 1.4597536e-08
   258.1, 1.4604221e-08
   258.2, 1.4610907e-08
   258.3, 1.4617592e-08
   258.4, 1.4624278e-08
   258.5, 1.4630964e-08
   258.6, 1.4637649e-08
   258.7, 1.4644335e-08
   258.8, 1.4651021e-08
   258.9, 1.4657707e-08
     259, 1.4664394e-08
   259.1, 1.467108e-08
   259.2, 1.4677766e-08
   259.3, 1.4684453e-08
   259.4, 1.4691139e-08
   259.5, 1.4697826e-08
   259.6, 1.4704513e-08
   259.7, 1.4711199e-08
   259.8, 1.4717886e-08
   259.9, 1.4724573e-08
     260, 1.4731261e-08
   260.1, 1.4737948e-08
   260.2, 1.4744635e-08
   260.3, 1.4751323e-08
   260.4, 1.475801e-08
   260.5, 1.4764698e-08
   260.6, 1.4771385e-08
   260.7, 1.4778073e-08
   260.8, 1.4784761e-08
   260.9, 1.4791449e-08
     261, 1.4798137e-08
   261.1, 1.4804826e-08
   261.2, 1.4811514e-08
   261.3, 1.4818202e-08
   261.4, 1.4824891e-08
   261.5, 1.4831579e-08
   261.6, 1.4838268e-08
   261.7, 1.4844957e-08
   261.8, 1.4851646e-08
   261.9, 1.4858335e-08
     262, 1.4865024e-08
   262.1, 1.4871713e-08
   262.2, 1.4878403e-08
   262.3, 1.4885092e-08
   262.4, 1.4891782e-08
   262.5, 1.4898471e-08
   262.6, 1.4905161e-08
   262.7, 1.4911851e-08
   262.8, 1.4918541e-08
   262.9, 1.4925231e-08
     263, 1.4931921e-08
   263.1, 1.4938611e-08
   263.2, 1.4945302e-08
   263.3, 1.4951992e-08
   263.4, 1.4958683e-08
   263.5, 1.4965373e-08
   263.6, 1.4972064e-08
   263.7, 1.4978755e-08
   263.8, 1.4985446e-08
   263.9, 1.4992137e-08
     264, 1.4998828e-08
   264.1, 1.500552e-08
   264.2, 1.5012211e-08
   264.3, 1.5018903e-08
   264.4, 1.5025594e-08
   264.5, 1.5032286e-08
   264.6, 1.5038978e-08
   264.7, 1.504567e-08
   264.8, 1.5052362e-08
   264.9, 1.5059054e-08
     265, 1.5065747e-08
   265.1, 1.5072439e-08
   265.2, 1.5079132e-08
   265.3, 1.5085824e-08
   265.4, 1.5092517e-08
   265.5, 1.509921e-08
   265.6, 1.5105903e-08
   265.7, 1.5112596e-08
   265.8, 1.5119289e-08
   265.9, 1.5125982e-08
     266, 1.5132676e-08
   266.1, 1.5139369e-08
   266.2, 1.5146063e-08
   266.3, 1.5152757e-08
   266.4, 1.515945e-08
   266.5, 1.5166144e-08
   266.6, 1.5172839e-08
   266.7, 1.5179533e-08
   266.8, 1.5186227e-08
   266.9, 1.5192921e-08
     267, 1.5199616e-08
   267.1, 1.5206311e-08
   267.2, 1.5213005e-08
   267.3, 1.52197e-08
   267.4, 1.5226395e-08
   267.5, 1.523309e-08
   267.6, 1.5239786e-08
   267.7, 1.5246481e-08
   267.8, 1.5253176e-08
   267.9, 1.5259872e-08
     268, 1.5266568e-08
   268.1, 1.5273263e-08
   268.2, 1.5279959e-08
   268.3, 1.5286655e-08
   268.4, 1.5293352e-08
   268.5, 1.5300048e-08
   268.6, 1.5306744e-08
   268.7, 1.5313441e-08
   268.8, 1.5320137e-08
   268.9, 1.5326834e-08
     269, 1.5333531e-08
   269.1, 1.5340228e-08
   269.2, 1.5346925e-08
   269.3, 1.5353622e-08
   269.4, 1.536032e-08
   269.5, 1.5367017e-08
   269.6, 1.5373715e-08
   269.7, 1.5380412e-08
   269.8, 1.538711e-08
   269.9, 1.5393808e-08
     270, 1.5400506e-08
   270.1, 1.5407204e-08
   270.2, 1.5413903e-08
   270.3, 1.5420601e-08
   270.4, 1.54273e-08
   270.5, 1.5433998e-08
   270.6, 1.5440697e-08
   270.7, 1.5447396e-08
   270.8, 1.5454095e-08
   270.9, 1.5460794e-08
     271, 1.5467493e-08
   271.1, 1.5474193e-08
   271.2, 1.5480892e-08
   271.3, 1.5487592e-08
   271.4, 1.5494292e-08
   271.5, 1.5500991e-08
   271.6, 1.5507691e-08
   271.7, 1.5514392e-08
   271.8, 1.5521092e-08
   271.9, 1.5527792e-08
     272, 1.5534493e-08
   272.1, 1.5541193e-08
   272.2, 1.5547894e-08
   272.3, 1.5554595e-08
   272.4, 1.5561296e-08
   272.5, 1.5567997e-08
   272.6, 1.5574698e-08
   272.7, 1.55814e-08
   272.8, 1.5588101e-08
   272.9, 1.5594803e-08
     273, 1.5601505e-08
   273.1, 1.5608207e-08
   273.2, 1.5614909e-08
   273.3, 1.5621611e-08
   273.4, 1.5628313e-08
   273.5, 1.5635015e-08
   273.6, 1.5641718e-08
   273.7, 1.5648421e-08
   273.8, 1.5655123e-08
   273.9, 1.5661826e-08
     274, 1.5668529e-08
   274.1, 1.5675232e-08
   274.2, 1.5681936e-08
   274.3, 1.5688639e-08
   274.4, 1.5695343e-08
   274.5, 1.5702046e-08
   274.6, 1.570875e-08
   274.7, 1.5715454e-08
   274.8, 1.5722158e-08
   274.9, 1.5728862e-08
     275, 1.5735567e-08
   275.1, 1.5742271e-08
   275.2, 1.5748976e-08
   275.3, 1.5755681e-08
   275.4, 1.5762385e-08
   275.5, 1.576909e-08
   275.6, 1.5775795e-08
   275.7, 1.5782501e-08
   275.8, 1.5789206e-08
   275.9, 1.5795912e-08
     276, 1.5802617e-08
   276.1, 1.5809323e-08
   276.2, 1.5816029e-08
   276.3, 1.5822735e-08
   276.4, 1.5829441e-08
   276.5, 1.5836147e-08
   276.6, 1.5842854e-08
   276.7, 1.584956e-08
   276.8, 1.5856267e-08
   276.9, 1.5862974e-08
     277, 1.5869681e-08
   277.1, 1.5876388e-08
   277.2, 1.5883095e-08
   277.3, 1.5889803e-08
   277.4, 1.589651e-08
   277.5, 1.5903218e-08
   277.6, 1.5909926e-08
   277.7, 1.5916634e-08
   277.8, 1.5923342e-08
   277.9, 1.593005e-08
     278, 1.5936758e-08
   278.1, 1.5943467e-08
   278.2, 1.5950175e-08
   278.3, 1.5956884e-08
   278.4, 1.5963593e-08
   278.5, 1.5970302e-08
   278.6, 1.5977011e-08
   278.7, 1.598372e-08
   278.8, 1.599043e-08
   278.9, 1.5997139e-08
     279, 1.6003849e-08
   279.1, 1.6010559e-08
   279.2, 1.6017269e-08
   279.3, 1.6023979e-08
   279.4, 1.6030689e-08
   279.5, 1.6037399e-08
   279.6, 1.604411e-08
   279.7, 1.6050821e-08
   279.8, 1.6057531e-08
   279.9, 1.6064242e-08
     280, 1.6070953e-08
   280.1, 1.6077665e-08
   280.2, 1.6084376e-08
   280.3, 1.6091087e-08
   280.4, 1.6097799e-08
   280.5, 1.6104511e-08
   280.6, 1.6111223e-08
   280.7, 1.6117935e-08
   280.8, 1.6124647e-08
   280.9, 1.6131359e-08
     281, 1.6138072e-08
   281.1, 1.6144785e-08
   281.2, 1.6151497e-08
   281.3, 1.615821e-08
   281.4, 1.6164923e-08
   281.5, 1.6171636e-08
   281.6, 1.617835e-08
   281.7, 1.6185063e-08
   281.8, 1.6191777e-08
   281.9, 1.6198491e-08
     282, 1.6205204e-08
   282.1, 1.6211918e-08
   282.2, 1.6218633e-08
   282.3, 1.6225347e-08
   282.4, 1.6232061e-08
   282.5, 1.6238776e-08
   282.6, 1.6245491e-08
   282.7, 1.6252206e-08
   282.8, 1.6258921e-08
   282.9, 1.6265636e-08
     283, 1.6272351e-08
   283.1, 1.6279067e-08
   283.2, 1.6285782e-08
   283.3, 1.6292498e-08
   283.4, 1.6299214e-08
   283.5, 1.630593e-08
   283.6, 1.6312646e-08
   283.7, 1.6319363e-08
   283.8, 1.6326079e-08
   283.9, 1.6332796e-08
     284, 1.6339513e-08
   284.1, 1.6346229e-08
   284.2, 1.6352947e-08
   284.3, 1.6359664e-08
   284.4, 1.6366381e-08
   284.5, 1.6373099e-08
   284.6, 1.6379816e-08
   284.7, 1.6386534e-08
   284.8, 1.6393252e-08
   284.9, 1.639997e-08
     285, 1.6406688e-08
   285.1, 1.6413407e-08
   285.2, 1.6420125e-08
   285.3, 1.6426844e-08
   285.4, 1.6433563e-08
   285.5, 1.6440282e-08
   285.6, 1.6447001e-08
   285.7, 1.645372e-08
   285.8, 1.646044e-08
   285.9, 1.6467159e-08
     286, 1.6473879e-08
   286.1, 1.6480599e-08
   286.2, 1.6487319e-08
   286.3, 1.6494039e-08
   286.4, 1.6500759e-08
   286.5, 1.650748e-08
   286.6, 1.65142e-08
   286.7, 1.6520921e-08
   286.8, 1.6527642e-08
   286.9, 1.6534363e-08
     287, 1.6541084e-08
   287.1, 1.6547806e-08
   287.2, 1.6554527e-08
   287.3, 1.6561249e-08
   287.4, 1.6567971e-08
   287.5, 1.6574693e-08
   287.6, 1.6581415e-08
   287.7, 1.6588137e-08
   287.8, 1.6594859e-08
   287.9, 1.6601582e-08
     288, 1.6608305e-08
   288.1, 1.6615028e-08
   288.2, 1.6621751e-08
   288.3, 1.6628474e-08
   288.4, 1.6635197e-08
   288.5, 1.6641921e-08
   288.6, 1.6648644e-08
   288.7, 1.6655368e-08
   288.8, 1.6662092e-08
   288.9, 1.6668816e-08
     289, 1.667554e-08
   289.1, 1.6682265e-08
   289.2, 1.6688989e-08
   289.3, 1.6695714e-08
   289.4, 1.6702439e-08
   289.5, 1.6709164e-08
   289.6, 1.6715889e-08
   289.7, 1.6722614e-08
   289.8, 1.672934e-08
   289.9, 1.6736065e-08
     290, 1.6742791e-08
   290.1, 1.6749517e-08
   290.2, 1.6756243e-08
   290.3, 1.6762969e-08
   290.4, 1.6769696e-08
   290.5, 1.6776422e-08
   290.6, 1.6783149e-08
   290.7, 1.6789876e-08
   290.8, 1.6796603e-08
   290.9, 1.680333e-08
     291, 1.6810057e-08
   291.1, 1.6816785e-08
   291.2, 1.6823513e-08
   291.3, 1.683024e-08
   291.4, 1.6836968e-08
   291.5, 1.6843696e-08
   291.6, 1.6850425e-08
   291.7, 1.6857153e-08
   291.8, 1.6863882e-08
   291.9, 1.687061e-08
     292, 1.6877339e-08
   292.1, 1.6884068e-08
   292.2, 1.6890798e-08
   292.3, 1.6897527e-08
   292.4, 1.6904256e-08
   292.5, 1.6910986e-08
   292.6, 1.6917716e-08
   292.7, 1.6924446e-08
   292.8, 1.6931176e-08
   292.9, 1.6937906e-08
     293, 1.6944637e-08
   293.1, 1.6951368e-08
   293.2, 1.6958098e-08
   293.3, 1.6964829e-08
   293.4, 1.697156e-08
   293.5, 1.6978292e-08
   293.6, 1.6985023e-08
   293.7, 1.6991755e-08
   293.8, 1.6998486e-08
   293.9, 1.7005218e-08
     294, 1.701195e-08
   294.1, 1.7018682e-08
   294.2, 1.7025415e-08
   294.3, 1.7032147e-08
   294.4, 1.703888e-08
   294.5, 1.7045613e-08
   294.6, 1.7052346e-08
   294.7, 1.7059079e-08
   294.8, 1.7065812e-08
   294.9, 1.7072546e-08
     295, 1.707928e-08
   295.1, 1.7086013e-08
   295.2, 1.7092747e-08
   295.3, 1.7099481e-08
   295.4, 1.7106216e-08
   295.5, 1.711295e-08
   295.6, 1.7119685e-08
   295.7, 1.712642e-08
   295.8, 1.7133155e-08
   295.9, 1.713989e-08
     296, 1.7146625e-08
   296.1, 1.715336e-08
   296.2, 1.7160096e-08
   296.3, 1.7166832e-08
   296.4, 1.7173568e-08
   296.5, 1.7180304e-08
   296.6, 1.718704e-08
   296.7, 1.7193776e-08
   296.8, 1.7200513e-08
   296.9, 1.720725e-08
     297, 1.7213986e-08
   297.1, 1.7220723e-08
   297.2, 1.7227461e-08
   297.3, 1.7234198e-08
   297.4, 1.7240936e-08
   297.5, 1.7247673e-08
   297.6, 1.7254411e-08
   297.7, 1.7261149e-08
   297.8, 1.7267887e-08
   297.9, 1.7274626e-08
     298, 1.7281364e-08
   298.1, 1.7288103e-08
   298.2, 1.7294842e-08
   298.3, 1.7301581e-08
   298.4, 1.730832e-08
   298.5, 1.7315059e-08
   298.6, 1.7321799e-08
   298.7, 1.7328538e-08
   298.8, 1.7335278e-08
   298.9, 1.7342018e-08
     299, 1.7348758e-08
   299.1, 1.7355499e-08
   299.2, 1.7362239e-08
   299.3, 1.736898e-08
   299.4, 1.7375721e-08
   299.5, 1.7382462e-08
   299.6, 1.7389203e-08
   299.7, 1.7395944e-08
   299.8, 1.7402686e-08
   299.9, 1.7409427e-08
     300, 1.7416169e-08
