     4.2         0
     4.3         0
     4.4         0
     4.5         0
     4.6         0
     4.7         0
     4.8         0
     4.9         0
       5         0
     5.1         0
     5.2         0
     5.3         0
     5.4         0
     5.5         0
     5.6         0
     5.7         0
     5.8         0
     5.9         0
       6         0
     6.1         0
     6.2         0
     6.3         0
     6.4         0
     6.5         0
     6.6         0
     6.7         0
     6.8         0
     6.9         0
       7         0
     7.1         0
     7.2         0
     7.3         0
     7.4         0
     7.5         0
     7.6         0
     7.7         0
     7.8         0
     7.9         0
       8         0
     8.1         0
     8.2         0
     8.3         0
     8.4         0
     8.5         0
     8.6         0
     8.7         0
     8.8         0
     8.9         0
       9         0
     9.1         0
     9.2         0
     9.3         0
     9.4         0
     9.5         0
     9.6         0
     9.7         0
     9.8         0
     9.9         0
      10         0
    10.1         0
    10.2         0
    10.3         0
    10.4         0
    10.5         0
    10.6         0
    10.7         0
    10.8         0
    10.9         0
      11         0
    11.1         0
    11.2         0
    11.3         0
    11.4         0
    11.5         0
    11.6         0
    11.7         0
    11.8         0
    11.9         0
      12         0
    12.1         0
    12.2         0
    12.3         0
    12.4         0
    12.5         0
    12.6         0
    12.7         0
    12.8         0
    12.9         0
      13         0
    13.1         0
    13.2         0
    13.3         0
    13.4         0
    13.5         0
    13.6         0
    13.7         0
    13.8         0
    13.9  0.11505985
      14  0.25455496
    14.1  0.39208701
    14.2  0.52769745
    14.3  0.66142662
    14.4  0.79331369
    14.5  0.92339679
    14.6  1.051713
    14.7  1.1782983
    14.8  1.3031879
    14.9  1.4264158
      15  1.5480154
    15.1  1.6680189
    15.2  1.7864579
    15.3  1.9033631
    15.4  2.0187642
    15.5  2.1326905
    15.6  2.2451703
    15.7  2.3562312
    15.8  2.4659002
    15.9  2.5742035
      16  2.6811667
    16.1  2.7868149
    16.2  2.8911724
    16.3  2.9942628
    16.4  3.0961095
    16.5  3.196735
    16.6  3.2961613
    16.7  3.3944101
    16.8  3.4915023
    16.9  3.5874585
      17  3.6822988
    17.1  3.7760426
    17.2  3.8687092
    17.3  3.9603172
    17.4  4.0508849
    17.5  4.1404301
    17.6  4.2289701
    17.7  4.3165222
    17.8  4.4031029
    17.9  4.4887284
      18  4.5734148
    18.1  4.6571775
    18.2  4.7400319
    18.3  4.8219928
    18.4  4.9030747
    18.5  4.9832919
    18.6  5.0626584
    18.7  5.1411878
    18.8  5.2188935
    18.9  5.2957885
      19  5.3718857
    19.1  5.4471975
    19.2  5.5397601
    19.3  5.6318619
    19.4  5.7230256
    19.5  5.8132656
    19.6  5.9025959
    19.7  5.9910305
    19.8  6.078583
    19.9  6.1652665
      20  6.2510942
    20.1  6.3360788
    20.2  6.4202329
    20.3  6.5181868
    20.4  6.6203903
    20.5  6.7216073
    20.6  6.8218524
    20.7  6.9211395
    20.8  7.0194824
    20.9  7.1168949
      21   7.21339
    21.1  7.3089809
    21.2  7.4036804
    21.3  7.497501
    21.4  7.590455
    21.5  7.6851205
    21.6  7.8031812
    21.7  7.920164
    21.8  8.0360836
    21.9  8.1509546
      22  8.2647913
    22.1  8.3776078
    22.2  8.4894178
    22.3  8.6002349
    22.4  8.7100723
    22.5  8.8189432
    22.6  8.9268604
    22.7  9.0338364
    22.8  9.1398837
    22.9  9.2450143
      23  9.3756232
    23.1  9.5130346
    23.2  9.6492708
    23.3  9.784347
    23.4  9.9182782
    23.5  10.051079
    23.6  10.182763
    23.7  10.313346
    23.8  10.44284
    23.9  10.57126
      24  10.698619
    24.1  10.824931
    24.2  10.950207
    24.3  11.074461
    24.4  11.197706
    24.5  11.319954
    24.6  11.455997
    24.7  11.613534
    24.8  11.769809
    24.9  11.924838
      25  12.078636
    25.1  12.231216
    25.2  12.382595
    25.3  12.532786
    25.4  12.681802
    25.5  12.829659
    25.6  12.976369
    25.7  13.121946
    25.8  13.266403
    25.9  13.409752
      26  13.552008
    26.1  13.693182
    26.2  13.833287
    26.3  13.972334
    26.4  14.110337
    26.5  14.269992
    26.6  14.450889
    26.7  14.630439
    26.8  14.808658
    26.9  14.98556
      27  15.16116
    27.1  15.335472
    27.2  15.50851
    27.3  15.680289
    27.4  15.850821
    27.5  16.020122
    27.6  16.188203
    27.7  16.35508
    27.8  16.520763
    27.9  16.685266
      28  16.848603
    28.1  17.010784
    28.2  17.171824
    28.3  17.331733
    28.4  17.490523
    28.5  17.648207
    28.6  17.804796
    28.7  17.988172
    28.8  18.202843
    28.9  18.416037
      29  18.627768
    29.1  18.838051
    29.2  19.046901
    29.3  19.254334
    29.4  19.460363
    29.5  19.665002
    29.6  19.868266
    29.7  20.070169
    29.8  20.270724
    29.9  20.469944
      30  20.667845
    30.1  20.864437
    30.2  21.059735
    30.3  21.253751
    30.4  21.446497
    30.5  21.637987
    30.6  21.828233
    30.7  22.017246
    30.8  22.205039
    30.9  22.391624
      31  22.577012
    31.1  22.761215
    31.2  22.944244
    31.3  23.153699
    31.4  23.401195
    31.5  23.647127
    31.6  23.891509
    31.7  24.134355
    31.8  24.375682
    31.9  24.615502
      32  24.853831
    32.1  25.090681
    32.2  25.326067
    32.3  25.560002
    32.4   25.7925
    32.5  26.023574
    32.6  26.253238
    32.7  26.481503
    32.8  26.708383
    32.9  26.93389
      33  27.158038
    33.1  27.380837
    33.2  27.602302
    33.3  27.822442
    33.4  28.041271
    33.5  28.258801
    33.6  28.475041
    33.7  28.690005
    33.8  28.903704
    33.9  29.116148
      34  29.32735
    34.1  29.537318
    34.2  29.746066
    34.3  29.953602
    34.4  30.17306
    34.5  30.464021
    34.6  30.753307
    34.7  31.040931
    34.8  31.326909
    34.9  31.611254
      35  31.893981
    35.1  32.175103
    35.2  32.454634
    35.3  32.732588
    35.4  33.008977
    35.5  33.283816
    35.6  33.557116
    35.7  33.828892
    35.8  34.099155
    35.9  34.367919
      36  34.635196
    36.1  34.900998
    36.2  35.165338
    36.3  35.428228
    36.4  35.689679
    36.5  35.949703
    36.6  36.208312
    36.7  36.465519
    36.8  36.721333
    36.9  36.975767
      37  37.228831
    37.1  37.480537
    37.2  37.730896
    37.3  37.979918
    37.4  38.227614
    37.5  38.473996
    37.6  38.719072
    37.7  38.962854
    37.8  39.205353
    37.9  39.446577
      38  39.686537
    38.1  39.925244
    38.2  40.162707
    38.3  40.497081
    38.4  40.835188
    38.5  41.171543
    38.6  41.506162
    38.7  41.839057
    38.8  42.170242
    38.9  42.49973
      39  42.827534
    39.1  43.153666
    39.2  43.47814
    39.3  43.800969
    39.4  44.122164
    39.5  44.441739
    39.6  44.759705
    39.7  45.076075
    39.8  45.390861
    39.9  45.704074
      40  46.015726
    40.1  46.32583
    40.2  46.634397
    40.3  46.941437
    40.4  47.246963
    40.5  47.550986
    40.6  47.853516
    40.7  48.154565
    40.8  48.454144
    40.9  48.752263
      41  49.048934
    41.1  49.344166
    41.2  49.63797
    41.3  49.930357
    41.4  50.221336
    41.5  50.510919
    41.6  50.799115
    41.7  51.085933
    41.8  51.371385
    41.9  51.655479
      42  51.938226
    42.1  52.219635
    42.2  52.499715
    42.3  52.778476
    42.4  53.055927
    42.5  53.332078
    42.6  53.606938
    42.7  53.880515
    42.8  54.152819
    42.9  54.423859
      43  54.715803
    43.1  55.100353
    43.2  55.483127
    43.3  55.864139
    43.4  56.243399
    43.5  56.620921
    43.6  56.996717
    43.7  57.370797
    43.8  57.743174
    43.9  58.11386
      44  58.482866
    44.1  58.850204
    44.2  59.215884
    44.3  59.579918
    44.4  59.942317
    44.5  60.303093
    44.6  60.662256
    44.7  61.019816
    44.8  61.375785
    44.9  61.730174
      45  62.082992
    45.1  62.434251
    45.2  62.78396
    45.3  63.13213
    45.4  63.478771
    45.5  63.823894
    45.6  64.167507
    45.7  64.509622
    45.8  64.850247
    45.9  65.189393
      46  65.527069
    46.1  65.863285
    46.2  66.19805
    46.3  66.531374
    46.4  66.863266
    46.5  67.193735
    46.6  67.52279
    46.7  67.850441
    46.8  68.176697
    46.9  68.501566
      47  68.825057
    47.1  69.147179
    47.2  69.467941
    47.3  69.787351
    47.4  70.105418
    47.5  70.422151
    47.6  70.737557
    47.7  71.051645
    47.8  71.364424
    47.9  71.675902
      48  71.986086
    48.1  72.294985
    48.2  72.602607
    48.3  72.90896
    48.4  73.214051
    48.5  73.517889
    48.6  73.820481
    48.7  74.121834
    48.8  74.421958
    48.9  74.720858
      49  75.018542
    49.1  75.315019
    49.2  75.707103
    49.3  76.123417
    49.4  76.538051
    49.5  76.951013
    49.6  77.362315
    49.7  77.771966
    49.8  78.179977
    49.9  78.586356
      50  78.991114
    50.1  79.394261
    50.2  79.795806
    50.3  80.195759
    50.4  80.594129
    50.5  80.990926
    50.6  81.386159
    50.7  81.779837
    50.8  82.171969
    50.9  82.562565
      51  82.951633
    51.1  83.339183
    51.2  83.725224
    51.3  84.109764
    51.4  84.492811
    51.5  84.874376
    51.6  85.254465
    51.7  85.633089
    51.8  86.010255
    51.9  86.385972
      52  86.760248
    52.1  87.133091
    52.2  87.50451
    52.3  87.874513
    52.4  88.243108
    52.5  88.610303
    52.6  88.976106
    52.7  89.340525
    52.8  89.703567
    52.9  90.065242
      53  90.425555
    53.1  90.784516
    53.2  91.142131
    53.3  91.498408
    53.4  91.853356
    53.5  92.20698
    53.6  92.559289
    53.7  92.91029
    53.8  93.25999
    53.9  93.608397
      54  93.955517
    54.1  94.301359
    54.2  94.645928
    54.3  94.989232
    54.4  95.331278
    54.5  95.672072
    54.6  96.011623
    54.7  96.349936
    54.8  96.687018
    54.9  97.022876
      55  97.357517
    55.1  97.690947
    55.2  98.023173
    55.3  98.354202
    55.4  98.68404
    55.5  99.012692
    55.6  99.340167
    55.7  99.66647
    55.8  99.991607
    55.9  100.31558
      56  100.63841
    56.1  100.96009
    56.2  101.28062
    56.3  101.60003
    56.4  101.9183
    56.5  102.23545
    56.6  102.55148
    56.7  102.86641
    56.8  103.18022
    56.9  103.49294
      57  103.80457
    57.1  104.11511
    57.2  104.42456
    57.3  104.73294
    57.4  105.14793
    57.5  105.57075
    57.6  105.9921
    57.7  106.41199
    57.8  106.83044
    57.9  107.24744
      58  107.66301
    58.1  108.07716
    58.2  108.48988
    58.3  108.90119
    58.4  109.3111
    58.5  109.71961
    58.6  110.12673
    58.7  110.53246
    58.8  110.93682
    58.9  111.33981
      59  111.74144
    59.1  112.14171
    59.2  112.54063
    59.3  112.93821
    59.4  113.33446
    59.5  113.72938
    59.6  114.12298
    59.7  114.51526
    59.8  114.90623
    59.9  115.2959
      60  115.68428
    60.1  116.07137
    60.2  116.45717
    60.3  116.8417
    60.4  117.22496
    60.5  117.60696
    60.6  117.9877
    60.7  118.36719
    60.8  118.74543
    60.9  119.12244
      61  119.49821
    61.1  119.87276
    61.2  120.24608
    61.3  120.6182
    61.4  120.9891
    61.5  121.3588
    61.6  121.7273
    61.7  122.09462
    61.8  122.46074
    61.9  122.82569
      62  123.18947
    62.1  123.55207
    62.2  123.91352
    62.3  124.2738
    62.4  124.63294
    62.5  124.99093
    62.6  125.34778
    62.7  125.7035
    62.8  126.05808
    62.9  126.41154
      63  126.76389
    63.1  127.11512
    63.2  127.46524
    63.3  127.81426
    63.4  128.16218
    63.5  128.50901
    63.6  128.85475
    63.7  129.19941
    63.8   129.543
    63.9  129.88551
      64  130.22695
    64.1  130.56733
    64.2  130.90666
    64.3  131.24493
    64.4  131.58216
    64.5  131.91834
    64.6  132.25349
    64.7  132.5876
    64.8  132.92069
    64.9  133.25275
      65  133.5838
    65.1  133.91383
    65.2  134.24285
    65.3  134.57087
    65.4  134.89789
    65.5  135.22391
    65.6  135.54894
    65.7  135.87299
    65.8  136.19605
    65.9  136.51814
      66  136.83925
    66.1  137.1594
    66.2  137.47858
    66.3  137.79681
    66.4  138.11407
    66.5  138.43039
    66.6  138.74576
    66.7  139.06019
    66.8  139.37368
    66.9  139.68623
      67  139.99786
    67.1  140.30856
    67.2  140.61834
    67.3  140.9272
    67.4  141.23515
    67.5  141.54219
    67.6  141.84832
    67.7  142.15356
    67.8  142.45789
    67.9  142.76134
      68  143.06389
    68.1  143.36556
    68.2  143.66634
    68.3  143.96625
    68.4  144.26529
    68.5  144.56345
    68.6  144.86075
    68.7  145.15719
    68.8  145.4796
    68.9  145.86217
      69  146.24363
    69.1   146.624
    69.2  147.00327
    69.3  147.38145
    69.4  147.75854
    69.5  148.13455
    69.6  148.50948
    69.7  148.88334
    69.8  149.25613
    69.9  149.62786
      70  149.99853
    70.1  150.36814
    70.2  150.73671
    70.3  151.10423
    70.4  151.4707
    70.5  151.83615
    70.6  152.20055
    70.7  152.56394
    70.8  152.92629
    70.9  153.28763
      71  153.64796
    71.1  154.00727
    71.2  154.36558
    71.3  154.72289
    71.4  155.07919
    71.5  155.43451
    71.6  155.78883
    71.7  156.14217
    71.8  156.49453
    71.9  156.84591
      72  157.19632
    72.1  157.54576
    72.2  157.89424
    72.3  158.24175
    72.4  158.58831
    72.5  158.93391
    72.6  159.27856
    72.7  159.62227
    72.8  159.96504
    72.9  160.30687
      73  160.64777
    73.1  160.98774
    73.2  161.32678
    73.3  161.6649
    73.4  162.0021
    73.5  162.33839
    73.6  162.67376
    73.7  163.00823
    73.8  163.3418
    73.9  163.67446
      74  164.00623
    74.1  164.33711
    74.2  164.6671
    74.3  164.9962
    74.4  165.32442
    74.5  165.65177
    74.6  165.97823
    74.7  166.30383
    74.8  166.62856
    74.9  166.95243
      75  167.27543
    75.1  167.59758
    75.2  167.91887
    75.3  168.23932
    75.4  168.55891
    75.5  168.87766
    75.6  169.19558
    75.7  169.51265
    75.8  169.82889
    75.9  170.1443
      76  170.45889
    76.1  170.77265
    76.2  171.08559
    76.3  171.39771
    76.4  171.70901
    76.5  172.01951
    76.6  172.3292
    76.7  172.63808
    76.8  172.94617
    76.9  173.25345
      77  173.55994
    77.1  173.86564
    77.2  174.17054
    77.3  174.47467
    77.4   174.778
    77.5  175.08056
    77.6  175.38234
    77.7  175.68335
    77.8  175.98359
    77.9  176.28306
      78  176.58176
    78.1  176.8797
    78.2  177.17688
    78.3  177.47331
    78.4  177.76898
    78.5  178.0639
    78.6  178.35808
    78.7  178.65151
    78.8  178.9442
    78.9  179.23615
      79  179.52736
    79.1  179.81784
    79.2  180.10758
    79.3  180.3966
    79.4  180.6849
    79.5  180.97247
    79.6  181.25932
    79.7  181.54546
    79.8  181.83088
    79.9  182.11559
      80  182.39959
    80.1  182.68288
    80.2  182.96547
    80.3  183.24736
    80.4  183.52855
    80.5  183.80905
    80.6  184.08885
    80.7  184.36796
    80.8  184.64638
    80.9  184.92412
      81  185.20117
    81.1  185.47755
    81.2  185.75324
    81.3  186.02826
    81.4  186.30261
    81.5  186.57629
    81.6  186.84929
    81.7  187.12164
    81.8  187.39332
    81.9  187.66433
      82  187.93469
    82.1  188.2044
    82.2  188.47345
    82.3  188.74185
    82.4  189.0096
    82.5  189.2767
    82.6  189.54316
    82.7  189.80898
    82.8  190.07416
    82.9  190.3387
      83  190.60261
    83.1  190.86589
    83.2  191.12853
    83.3  191.39055
    83.4  191.65194
    83.5  191.91271
    83.6  192.17285
    83.7  192.43238
    83.8  192.69129
    83.9  192.94959
      84  193.20727
    84.1  193.46434
    84.2  193.72081
    84.3  193.97667
    84.4  194.23192
    84.5  194.48658
    84.6  194.74063
    84.7  194.99409
    84.8  195.24695
    84.9  195.49922
      85  195.7509
    85.1  196.00199
    85.2  196.25249
    85.3  196.50241
    85.4  196.75174
    85.5  197.0005
    85.6  197.24867
    85.7  197.49627
    85.8  197.7433
    85.9  197.98975
      86  198.25371
    86.1  198.5464
    86.2  198.83841
    86.3  199.12975
    86.4  199.42041
    86.5  199.71041
    86.6  199.99974
    86.7  200.2884
    86.8  200.57641
    86.9  200.86375
      87  201.15043
    87.1  201.43646
    87.2  201.72184
    87.3  202.00656
    87.4  202.29063
    87.5  202.57406
    87.6  202.85684
    87.7  203.13898
    87.8  203.42048
    87.9  203.70135
      88  203.98157
    88.1  204.26117
    88.2  204.54013
    88.3  204.81846
    88.4  205.09616
    88.5  205.37324
    88.6  205.6497
    88.7  205.92554
    88.8  206.20075
    88.9  206.47535
      89  206.74934
    89.1  207.02271
    89.2  207.29548
    89.3  207.56763
    89.4  207.83918
    89.5  208.11012
    89.6  208.38046
    89.7  208.6502
    89.8  208.91935
    89.9  209.18789
      90  209.45584
    90.1  209.7232
    90.2  209.98997
    90.3  210.25615
    90.4  210.52175
    90.5  210.78676
    90.6  211.05118
    90.7  211.31503
    90.8  211.5783
    90.9  211.84099
      91  212.10311
    91.1  212.36465
    91.2  212.62562
    91.3  212.88602
    91.4  213.14586
    91.5  213.40513
    91.6  213.66383
    91.7  213.92198
    91.8  214.17956
    91.9  214.43659
      92  214.69306
    92.1  214.94897
    92.2  215.20434
    92.3  215.45915
    92.4  215.71341
    92.5  215.96712
    92.6  216.22029
    92.7  216.47292
    92.8   216.725
    92.9  216.97654
      93  217.22755
    93.1  217.47802
    93.2  217.72795
    93.3  217.97735
    93.4  218.22621
    93.5  218.47455
    93.6  218.72236
    93.7  218.96964
    93.8  219.2164
    93.9  219.46263
      94  219.70835
    94.1  219.95354
    94.2  220.19821
    94.3  220.44237
    94.4  220.68602
    94.5  220.92915
    94.6  221.17176
    94.7  221.41387
    94.8  221.65547
    94.9  221.89656
      95  222.13715
    95.1  222.37723
    95.2  222.61682
    95.3  222.8559
    95.4  223.09448
    95.5  223.33256
    95.6  223.57015
    95.7  223.80725
    95.8  224.04385
    95.9  224.27996
      96  224.51558
    96.1  224.75072
    96.2  224.98536
    96.3  225.21952
    96.4  225.4532
    96.5  225.6864
    96.6  225.91911
    96.7  226.15135
    96.8  226.38311
    96.9  226.61439
      97  226.8452
    97.1  227.07554
    97.2  227.3054
    97.3  227.53479
    97.4  227.76372
    97.5  227.99217
    97.6  228.22017
    97.7  228.44769
    97.8  228.67476
    97.9  228.90136
      98  229.1275
    98.1  229.35318
    98.2  229.57841
    98.3  229.80318
    98.4  230.02749
    98.5  230.25136
    98.6  230.47477
    98.7  230.69772
    98.8  230.92024
    98.9  231.1423
      99  231.36391
    99.1  231.58509
    99.2  231.80581
    99.3  232.0261
    99.4  232.24594
    99.5  232.46535
    99.6  232.68431
    99.7  232.90284
    99.8  233.12094
    99.9  233.33859
     100  233.55582
   100.1  233.77261
   100.2  233.98898
   100.3  234.20491
   100.4  234.42042
   100.5  234.6355
   100.6  234.85015
   100.7  235.06438
   100.8  235.27819
   100.9  235.49157
     101  235.70454
   101.1  235.91709
   101.2  236.12921
   101.3  236.34092
   101.4  236.55222
   101.5  236.7631
   101.6  236.97357
   101.7  237.18363
   101.8  237.39328
   101.9  237.60251
     102  237.81134
   102.1  238.01976
   102.2  238.22778
   102.3  238.43539
   102.4  238.6426
   102.5  238.84941
   102.6  239.05581
   102.7  239.26182
   102.8  239.46743
   102.9  239.67264
     103  239.87745
   103.1  240.08187
   103.2  240.28589
   103.3  240.48952
   103.4  240.69276
   103.5  240.89561
   103.6  241.09807
   103.7  241.30014
   103.8  241.50183
   103.9  241.70312
     104  241.90404
   104.1  242.10456
   104.2  242.30471
   104.3  242.50447
   104.4  242.70386
   104.5  242.90286
   104.6  243.10149
   104.7  243.29974
   104.8  243.49761
   104.9  243.69511
     105  243.89223
   105.1  244.08898
   105.2  244.28536
   105.3  244.48136
   105.4   244.677
   105.5  244.87227
   105.6  245.06717
   105.7  245.2617
   105.8  245.45587
   105.9  245.64968
     106  245.84312
   106.1  246.03619
   106.2  246.22891
   106.3  246.42127
   106.4  246.61326
   106.5  246.8049
   106.6  246.99618
   106.7  247.1871
   106.8  247.37767
   106.9  247.56789
     107  247.75775
   107.1  247.94725
   107.2  248.13641
   107.3  248.32521
   107.4  248.51367
   107.5  248.70178
   107.6  248.88954
   107.7  249.07695
   107.8  249.26402
   107.9  249.45074
     108  249.63712
   108.1  249.82316
   108.2  250.00885
   108.3  250.19421
   108.4  250.37922
   108.5  250.56389
   108.6  250.74823
   108.7  250.93223
   108.8  251.11589
   108.9  251.29922
     109  251.48221
   109.1  251.66487
   109.2  251.8472
   109.3  252.0292
   109.4  252.21086
   109.5  252.3922
   109.6  252.5732
   109.7  252.75388
   109.8  252.93423
   109.9  253.11426
     110  253.29396
   110.1  253.47333
   110.2  253.65239
   110.3  253.83112
   110.4  254.00952
   110.5  254.18761
   110.6  254.36538
   110.7  254.54282
   110.8  254.71995
   110.9  254.89676
     111  255.07326
   111.1  255.24944
   111.2  255.4253
   111.3  255.60085
   111.4  255.77609
   111.5  255.95101
   111.6  256.12563
   111.7  256.29993
   111.8  256.47392
   111.9  256.64761
     112  256.82098
   112.1  256.99405
   112.2  257.16681
   112.3  257.33927
   112.4  257.51142
   112.5  257.68326
   112.6  257.85481
   112.7  258.02605
   112.8  258.19699
   112.9  258.36763
     113  258.53797
   113.1   258.708
   113.2  258.87775
   113.3  259.04719
   113.4  259.21633
   113.5  259.38518
   113.6  259.55374
   113.7   259.722
   113.8  259.88997
   113.9  260.05764
     114  260.22502
   114.1  260.39211
   114.2  260.55891
   114.3  260.72542
   114.4  260.89164
   114.5  261.05757
   114.6  261.22321
   114.7  261.39089
   114.8  261.55871
   114.9  261.72624
     115  261.89348
   115.1  262.06043
   115.2  262.22709
   115.3  262.39347
   115.4  262.55956
   115.5  262.72537
   115.6  262.89089
   115.7  263.05612
   115.8  263.22107
   115.9  263.38574
     116  263.55013
   116.1  263.71424
   116.2  263.87806
   116.3  264.04161
   116.4  264.20488
   116.5  264.36786
   116.6  264.53057
   116.7  264.69301
   116.8  264.85516
   116.9  265.01705
     117  265.17865
   117.1  265.33999
   117.2  265.50105
   117.3  265.66183
   117.4  265.82235
   117.5  265.98259
   117.6  266.14256
   117.7  266.30227
   117.8  266.4617
   117.9  266.62086
     118  266.77976
   118.1  266.93839
   118.2  267.09675
   118.3  267.25485
   118.4  267.41268
   118.5  267.57025
   118.6  267.72755
   118.7  267.88459
   118.8  268.04137
   118.9  268.19789
     119  268.35414
   119.1  268.51014
   119.2  268.66587
   119.3  268.82135
   119.4  268.97656
   119.5  269.13152
   119.6  269.28622
   119.7  269.44067
   119.8  269.59486
   119.9  269.74879
     120  269.90247
   120.1  270.05589
   120.2  270.20906
   120.3  270.36198
   120.4  270.51465
   120.5  270.66706
   120.6  270.81922
   120.7  270.97114
   120.8  271.1228
   120.9  271.27422
     121  271.42538
   121.1  271.5763
   121.2  271.72697
   121.3  271.8774
   121.4  272.02757
   121.5  272.17751
   121.6  272.32719
   121.7  272.47664
   121.8  272.62584
   121.9  272.7748
     122  272.92351
   122.1  273.07198
   122.2  273.22022
   122.3  273.36821
   122.4  273.51596
   122.5  273.66347
   122.6  273.81074
   122.7  273.95778
   122.8  274.10458
   122.9  274.25114
     123  274.39746
   123.1  274.54355
   123.2  274.6894
   123.3  274.83502
   123.4  274.9804
   123.5  275.12555
   123.6  275.27046
   123.7  275.41515
   123.8  275.5596
   123.9  275.70382
     124  275.84781
   124.1  275.99157
   124.2  276.1351
   124.3  276.2784
   124.4  276.42147
   124.5  276.56432
   124.6  276.70693
   124.7  276.84932
   124.8  276.99148
   124.9  277.13342
     125  277.27513
   125.1  277.41662
   125.2  277.55788
   125.3  277.69892
   125.4  277.83974
   125.5  277.98033
   125.6  278.1207
   125.7  278.26085
   125.8  278.40078
   125.9  278.54049
     126  278.67997
   126.1  278.81924
   126.2  278.95829
   126.3  279.09712
   126.4  279.23573
   126.5  279.37413
   126.6  279.51231
   126.7  279.65027
   126.8  279.78802
   126.9  279.92555
     127  280.06286
   127.1  280.19996
   127.2  280.33685
   127.3  280.47353
   127.4  280.60999
   127.5  280.74624
   127.6  280.88228
   127.7  281.0181
   127.8  281.15372
   127.9  281.28912
     128  281.42432
   128.1  281.5593
   128.2  281.69408
   128.3  281.82865
   128.4  281.96301
   128.5  282.09716
   128.6  282.23111
   128.7  282.36485
   128.8  282.49838
   128.9  282.63171
     129  282.76483
   129.1  282.89775
   129.2  283.03047
   129.3  283.16298
   129.4  283.29529
   129.5  283.42739
   129.6  283.5593
   129.7   283.691
   129.8  283.8225
   129.9  283.9538
     130  284.0849
   130.1  284.2158
   130.2  284.3465
   130.3   284.477
   130.4  284.6073
   130.5  284.7374
   130.6  284.86731
   130.7  284.99702
   130.8  285.12653
   130.9  285.25585
     131  285.38497
   131.1  285.5139
   131.2  285.64263
   131.3  285.77117
   131.4  285.89951
   131.5  286.02766
   131.6  286.15561
   131.7  286.28338
   131.8  286.41095
   131.9  286.53833
     132  286.66552
   132.1  286.79251
   132.2  286.91932
   132.3  287.04594
   132.4  287.17237
   132.5  287.2986
   132.6  287.42465
   132.7  287.55051
   132.8  287.67619
   132.9  287.80167
     133  287.92697
   133.1  288.05208
   133.2  288.17701
   133.3  288.30175
   133.4  288.4263
   133.5  288.55067
   133.6  288.67486
   133.7  288.79886
   133.8  288.92268
   133.9  289.04631
     134  289.16976
   134.1  289.29303
   134.2  289.41612
   134.3  289.53902
   134.4  289.66174
   134.5  289.78429
   134.6  289.90665
   134.7  290.02883
   134.8  290.15083
   134.9  290.27266
     135  290.3943
   135.1  290.51577
   135.2  290.63706
   135.3  290.75817
   135.4  290.8791
   135.5  290.99986
   135.6  291.12043
   135.7  291.24084
   135.8  291.36107
   135.9  291.48112
     136   291.601
   136.1  291.7207
   136.2  291.84023
   136.3  291.95958
   136.4  292.07877
   136.5  292.19777
   136.6  292.31661
   136.7  292.43527
   136.8  292.55377
   136.9  292.67209
     137  292.79024
   137.1  292.90821
   137.2  293.02602
   137.3  293.14366
   137.4  293.26113
   137.5  293.37843
   137.6  293.49556
   137.7  293.61252
   137.8  293.72931
   137.9  293.84594
     138  293.9624
   138.1  294.07869
   138.2  294.19481
   138.3  294.31077
   138.4  294.42657
   138.5  294.54219
   138.6  294.65765
   138.7  294.77295
   138.8  294.88808
   138.9  295.00305
     139  295.11785
   139.1  295.23249
   139.2  295.34697
   139.3  295.46129
   139.4  295.57544
   139.5  295.68943
   139.6  295.80326
   139.7  295.91692
   139.8  296.03043
   139.9  296.14377
     140  296.25696
   140.1  296.36998
   140.2  296.48285
   140.3  296.59556
   140.4  296.7081
   140.5  296.82049
   140.6  296.93272
   140.7  297.04479
   140.8  297.15671
   140.9  297.26846
     141  297.38006
   141.1  297.49151
   141.2  297.60279
   141.3  297.71393
   141.4  297.8249
   141.5  297.93572
   141.6  298.04639
   141.7  298.1569
   141.8  298.26725
   141.9  298.37746
     142  298.4875
   142.1  298.5974
   142.2  298.70714
   142.3  298.81673
   142.4  298.92617
   142.5  299.03545
   142.6  299.14459
   142.7  299.25357
   142.8  299.3624
   142.9  299.47108
     143  299.57961
   143.1  299.68799
   143.2  299.79622
   143.3  299.9043
   143.4  300.01223
   143.5  300.12001
   143.6  300.22765
   143.7  300.33513
   143.8  300.44247
   143.9  300.54966
     144  300.6567
   144.1  300.7636
   144.2  300.87034
   144.3  300.97695
   144.4  301.0834
   144.5  301.18971
   144.6  301.29588
   144.7  301.4019
   144.8  301.50777
   144.9  301.6135
     145  301.71909
   145.1  301.82453
   145.2  301.92982
   145.3  302.03498
   145.4  302.13999
   145.5  302.24486
   145.6  302.34958
   145.7  302.45417
   145.8  302.55861
   145.9  302.66291
     146  302.76707
   146.1  302.87109
   146.2  302.97496
   146.3  303.0787
   146.4  303.18229
   146.5  303.28575
   146.6  303.38907
   146.7  303.49224
   146.8  303.59528
   146.9  303.69818
     147  303.80094
   147.1  303.90356
   147.2  304.00605
   147.3  304.1084
   147.4  304.2106
   147.5  304.31268
   147.6  304.41461
   147.7  304.51641
   147.8  304.61807
   147.9  304.7196
     148  304.82099
   148.1  304.92225
   148.2  305.02337
   148.3  305.12435
   148.4  305.22521
   148.5  305.32592
   148.6  305.4265
   148.7  305.52695
   148.8  305.62727
   148.9  305.72745
     149  305.8275
   149.1  305.92742
   149.2  306.0272
   149.3  306.12685
   149.4  306.22637
   149.5  306.32576
   149.6  306.42501
   149.7  306.52414
   149.8  306.62313
   149.9   306.722
     150  306.82073
   150.1  306.91934
   150.2  307.01781
   150.3  307.11615
   150.4  307.21437
   150.5  307.31245
   150.6  307.41041
   150.7  307.50824
   150.8  307.60594
   150.9  307.70351
     151  307.80095
   151.1  307.89827
   151.2  307.99546
   151.3  308.09252
   151.4  308.18946
   151.5  308.28627
   151.6  308.38295
   151.7  308.47951
   151.8  308.57594
   151.9  308.67224
     152  308.76842
   152.1  308.86448
   152.2  308.96041
   152.3  309.05622
   152.4  309.1519
   152.5  309.24746
   152.6  309.34289
   152.7  309.4382
   152.8  309.53339
   152.9  309.62845
     153  309.72339
   153.1  309.81821
   153.2  309.91291
   153.3  310.00748
   153.4  310.10193
   153.5  310.19626
   153.6  310.29047
   153.7  310.38456
   153.8  310.47853
   153.9  310.57237
     154  310.6661
   154.1  310.7597
   154.2  310.85319
   154.3  310.94656
   154.4  311.0398
   154.5  311.13293
   154.6  311.22594
   154.7  311.31883
   154.8  311.4116
   154.9  311.50425
     155  311.59678
   155.1  311.6892
   155.2  311.7815
   155.3  311.87368
   155.4  311.96574
   155.5  312.05769
   155.6  312.14952
   155.7  312.24123
   155.8  312.33283
   155.9  312.42431
     156  312.51568
   156.1  312.60693
   156.2  312.69806
   156.3  312.78908
   156.4  312.87999
   156.5  312.97077
   156.6  313.06145
   156.7  313.15201
   156.8  313.24246
   156.9  313.33279
     157  313.42301
   157.1  313.51311
   157.2  313.6031
   157.3  313.69298
   157.4  313.78275
   157.5  313.8724
   157.6  313.96194
   157.7  314.05137
   157.8  314.14069
   157.9  314.2299
     158  314.31899
   158.1  314.40797
   158.2  314.49684
   158.3  314.5856
   158.4  314.67425
   158.5  314.76279
   158.6  314.85122
   158.7  314.93954
   158.8  315.02775
   158.9  315.11585
     159  315.20384
   159.1  315.29172
   159.2  315.37949
   159.3  315.46716
   159.4  315.55471
   159.5  315.64216
   159.6  315.72949
   159.7  315.81672
   159.8  315.90385
   159.9  315.99086
     160  316.07777
   160.1  316.16457
   160.2  316.25126
   160.3  316.33785
   160.4  316.42432
   160.5  316.5107
   160.6  316.59696
   160.7  316.68313
   160.8  316.76918
   160.9  316.85513
     161  316.94097
   161.1  317.02671
   161.2  317.11235
   161.3  317.19788
   161.4  317.2833
   161.5  317.36862
   161.6  317.45384
   161.7  317.53895
   161.8  317.62396
   161.9  317.70886
     162  317.79366
   162.1  317.87836
   162.2  317.96295
   162.3  318.04744
   162.4  318.13183
   162.5  318.21612
   162.6  318.3003
   162.7  318.38438
   162.8  318.46836
   162.9  318.55224
     163  318.63602
   163.1  318.71969
   163.2  318.80327
   163.3  318.88674
   163.4  318.97011
   163.5  319.05338
   163.6  319.13656
   163.7  319.21963
   163.8  319.3026
   163.9  319.38547
     164  319.46824
   164.1  319.55091
   164.2  319.63348
   164.3  319.71596
   164.4  319.79833
   164.5  319.8806
   164.6  319.96278
   164.7  320.04486
   164.8  320.12684
   164.9  320.20872
     165  320.2905
   165.1  320.37219
   165.2  320.45378
   165.3  320.53527
   165.4  320.61666
   165.5  320.69796
   165.6  320.77916
   165.7  320.86026
   165.8  320.94127
   165.9  321.02218
     166   321.103
   166.1  321.18371
   166.2  321.26434
   166.3  321.34486
   166.4  321.42529
   166.5  321.50563
   166.6  321.58587
   166.7  321.66602
   166.8  321.74607
   166.9  321.82603
     167  321.90589
   167.1  321.98566
   167.2  322.06533
   167.3  322.14491
   167.4  322.2244
   167.5  322.30379
   167.6  322.38309
   167.7  322.46229
   167.8  322.54141
   167.9  322.62043
     168  322.69935
   168.1  322.77819
   168.2  322.85693
   168.3  322.93558
   168.4  323.01414
   168.5  323.0926
   168.6  323.17098
   168.7  323.24926
   168.8  323.32745
   168.9  323.40555
     169  323.48356
   169.1  323.56147
   169.2  323.6393
   169.3  323.71704
   169.4  323.79468
   169.5  323.87224
   169.6  323.9497
   169.7  324.02708
   169.8  324.10436
   169.9  324.18156
     170  324.25867
   170.1  324.33568
   170.2  324.41261
   170.3  324.48945
   170.4  324.5662
   170.5  324.64286
   170.6  324.71943
   170.7  324.79591
   170.8  324.87231
   170.9  324.94862
     171  325.02484
   171.1  325.10097
   171.2  325.17701
   171.3  325.25297
   171.4  325.32884
   171.5  325.40462
   171.6  325.48031
   171.7  325.55592
   171.8  325.63144
   171.9  325.70688
     172  325.7694
   172.1  325.82784
   172.2  325.88621
   172.3  325.94452
   172.4  326.00276
   172.5  326.06094
   172.6  326.11905
   172.7  326.17709
   172.8  326.23507
   172.9  326.29298
     173  326.35083
   173.1  326.40861
   173.2  326.46632
   173.3  326.52397
   173.4  326.58156
   173.5  326.63908
   173.6  326.69653
   173.7  326.75392
   173.8  326.81125
   173.9  326.86851
     174  326.9257
   174.1  326.98283
   174.2  327.0399
   174.3  327.0969
   174.4  327.15384
   174.5  327.21071
   174.6  327.26753
   174.7  327.32427
   174.8  327.38096
   174.9  327.43757
     175  327.49413
   175.1  327.55062
   175.2  327.60705
   175.3  327.66342
   175.4  327.71972
   175.5  327.77596
   175.6  327.83214
   175.7  327.88826
   175.8  327.94431
   175.9  328.0003
     176  328.05623
   176.1  328.11209
   176.2  328.16789
   176.3  328.22364
   176.4  328.27931
   176.5  328.33493
   176.6  328.39049
   176.7  328.44598
   176.8  328.50141
   176.9  328.55678
     177  328.61209
   177.1  328.66734
   177.2  328.72253
   177.3  328.77766
   177.4  328.83272
   177.5  328.88773
   177.6  328.94267
   177.7  328.99755
   177.8  329.05238
   177.9  329.10714
     178  329.16184
   178.1  329.21648
   178.2  329.27106
   178.3  329.32558
   178.4  329.38005
   178.5  329.43445
   178.6  329.48879
   178.7  329.54307
   178.8  329.5973
   178.9  329.65146
     179  329.70557
   179.1  329.75961
   179.2  329.8136
   179.3  329.86752
   179.4  329.92139
   179.5  329.9752
   179.6  330.02895
   179.7  330.08265
   179.8  330.13628
   179.9  330.18985
     180  330.24337
   180.1  330.29683
   180.2  330.35023
   180.3  330.40357
   180.4  330.45686
   180.5  330.51009
   180.6  330.56326
   180.7  330.61637
   180.8  330.66942
   180.9  330.72242
     181  330.77536
   181.1  330.82824
   181.2  330.88106
   181.3  330.93383
   181.4  330.98654
   181.5  331.0392
   181.6  331.09179
   181.7  331.14433
   181.8  331.19682
   181.9  331.24925
     182  331.30162
   182.1  331.35393
   182.2  331.40619
   182.3  331.45839
   182.4  331.51054
   182.5  331.56263
   182.6  331.61466
   182.7  331.66664
   182.8  331.71857
   182.9  331.77043
     183  331.82225
   183.1   331.874
   183.2  331.9257
   183.3  331.97735
   183.4  332.02894
   183.5  332.08048
   183.6  332.13196
   183.7  332.18338
   183.8  332.23476
   183.9  332.28607
     184  332.33734
   184.1  332.38854
   184.2  332.4397
   184.3  332.4908
   184.4  332.54184
   184.5  332.59283
   184.6  332.64377
   184.7  332.69465
   184.8  332.74548
   184.9  332.79625
     185  332.84697
   185.1  332.89764
   185.2  332.94826
   185.3  332.99882
   185.4  333.04932
   185.5  333.09978
   185.6  333.15018
   185.7  333.20053
   185.8  333.25082
   185.9  333.30106
     186  333.35125
   186.1  333.40139
   186.2  333.45147
   186.3  333.5015
   186.4  333.55148
   186.5  333.60141
   186.6  333.65128
   186.7  333.7011
   186.8  333.75087
   186.9  333.80059
     187  333.85025
   187.1  333.89987
   187.2  333.94943
   187.3  333.99894
   187.4  334.0484
   187.5  334.0978
   187.6  334.14716
   187.7  334.19646
   187.8  334.24571
   187.9  334.29491
     188  334.34406
   188.1  334.39316
   188.2  334.44221
   188.3  334.49121
   188.4  334.54015
   188.5  334.58905
   188.6  334.63789
   188.7  334.68669
   188.8  334.73543
   188.9  334.78412
     189  334.83276
   189.1  334.88136
   189.2  334.9299
   189.3  334.97839
   189.4  335.02683
   189.5  335.07522
   189.6  335.12357
   189.7  335.17186
   189.8  335.2201
   189.9  335.26829
     190  335.31644
   190.1  335.36453
   190.2  335.41258
   190.3  335.46057
   190.4  335.50852
   190.5  335.55641
   190.6  335.60426
   190.7  335.65206
   190.8  335.69981
   190.9  335.74751
     191  335.79516
   191.1  335.84276
   191.2  335.89032
   191.3  335.93782
   191.4  335.98528
   191.5  336.03269
   191.6  336.08005
   191.7  336.12736
   191.8  336.17463
   191.9  336.22184
     192  336.26901
   192.1  336.31613
   192.2  336.3632
   192.3  336.41023
   192.4  336.4572
   192.5  336.50413
   192.6  336.55101
   192.7  336.59785
   192.8  336.64463
   192.9  336.69137
     193  336.73806
   193.1  336.78471
   193.2  336.83131
   193.3  336.87786
   193.4  336.92436
   193.5  336.97082
   193.6  337.01723
   193.7  337.06359
   193.8  337.1099
   193.9  337.15617
     194  337.2024
   194.1  337.24857
   194.2  337.2947
   194.3  337.34079
   194.4  337.38682
   194.5  337.43281
   194.6  337.47876
   194.7  337.52466
   194.8  337.57051
   194.9  337.61632
     195  337.66208
   195.1  337.70779
   195.2  337.75346
   195.3  337.79909
   195.4  337.84466
   195.5  337.8902
   195.6  337.93569
   195.7  337.98113
   195.8  338.02652
   195.9  338.07188
     196  338.11718
   196.1  338.16244
   196.2  338.20766
   196.3  338.25283
   196.4  338.29796
   196.5  338.34304
   196.6  338.38807
   196.7  338.43307
   196.8  338.47801
   196.9  338.52292
     197  338.56778
   197.1  338.61259
   197.2  338.65736
   197.3  338.70209
   197.4  338.74677
   197.5  338.7914
   197.6   338.836
   197.7  338.88055
   197.8  338.92505
   197.9  338.96951
     198  339.01393
   198.1  339.0583
   198.2  339.10263
   198.3  339.14692
   198.4  339.19116
   198.5  339.23536
   198.6  339.27952
   198.7  339.32363
   198.8  339.3677
   198.9  339.41173
     199  339.45571
   199.1  339.49965
   199.2  339.54355
   199.3  339.5874
   199.4  339.63121
   199.5  339.67498
   199.6  339.71871
   199.7  339.76239
   199.8  339.80603
   199.9  339.84963
     200  339.89318
   200.1  339.9367
   200.2  339.98017
   200.3  340.0236
   200.4  340.06698
   200.5  340.11032
   200.6  340.15363
   200.7  340.19689
   200.8  340.2401
   200.9  340.28328
     201  340.32641
   201.1  340.3695
   201.2  340.41255
   201.3  340.45556
   201.4  340.49853
   201.5  340.54146
   201.6  340.58434
   201.7  340.62718
   201.8  340.66998
   201.9  340.71274
     202  340.75546
   202.1  340.79814
   202.2  340.84077
   202.3  340.88337
   202.4  340.92592
   202.5  340.96844
   202.6  341.01091
   202.7  341.05334
   202.8  341.09573
   202.9  341.13808
     203  341.18039
   203.1  341.22266
   203.2  341.26489
   203.3  341.30708
   203.4  341.34922
   203.5  341.39133
   203.6  341.4334
   203.7  341.47542
   203.8  341.51741
   203.9  341.55936
     204  341.60126
   204.1  341.64313
   204.2  341.68495
   204.3  341.72674
   204.4  341.76849
   204.5  341.81019
   204.6  341.85186
   204.7  341.89349
   204.8  341.93508
   204.9  341.97663
     205  342.01813
   205.1  342.0596
   205.2  342.10103
   205.3  342.14243
   205.4  342.18378
   205.5  342.22509
   205.6  342.26636
   205.7  342.3076
   205.8  342.34879
   205.9  342.38995
     206  342.43107
   206.1  342.47215
   206.2  342.51319
   206.3  342.55419
   206.4  342.59515
   206.5  342.63607
   206.6  342.67696
   206.7  342.7178
   206.8  342.75861
   206.9  342.79938
     207  342.84012
   207.1  342.88081
   207.2  342.92146
   207.3  342.96208
   207.4  343.00266
   207.5  343.0432
   207.6  343.0837
   207.7  343.12417
   207.8  343.1646
   207.9  343.20498
     208  343.24534
   208.1  343.28565
   208.2  343.32593
   208.3  343.36616
   208.4  343.40636
   208.5  343.44653
   208.6  343.48665
   208.7  343.52674
   208.8  343.56679
   208.9  343.60681
     209  343.64678
   209.1  343.68672
   209.2  343.72663
   209.3  343.76649
   209.4  343.80632
   209.5  343.84611
   209.6  343.88586
   209.7  343.92558
   209.8  343.96526
   209.9  344.00491
     210  344.04451
   210.1  344.08408
   210.2  344.12362
   210.3  344.16312
   210.4  344.20258
   210.5   344.242
   210.6  344.28139
   210.7  344.32074
   210.8  344.36006
   210.9  344.39933
     211  344.43858
   211.1  344.47778
   211.2  344.51696
   211.3  344.55609
   211.4  344.59519
   211.5  344.63425
   211.6  344.67328
   211.7  344.71227
   211.8  344.75122
   211.9  344.79014
     212  344.82903
   212.1  344.86788
   212.2  344.90669
   212.3  344.94547
   212.4  344.98421
   212.5  345.02291
   212.6  345.06158
   212.7  345.10022
   212.8  345.13882
   212.9  345.17738
     213  345.21591
   213.1  345.25441
   213.2  345.29287
   213.3  345.33129
   213.4  345.36968
   213.5  345.40804
   213.6  345.44636
   213.7  345.48464
   213.8  345.52289
   213.9  345.56111
     214  345.59929
   214.1  345.63743
   214.2  345.67555
   214.3  345.71362
   214.4  345.75167
   214.5  345.78967
   214.6  345.82765
   214.7  345.86559
   214.8  345.90349
   214.9  345.94136
     215  345.9792
   215.1   346.017
   215.2  346.05477
   215.3  346.0925
   215.4  346.1302
   215.5  346.16787
   215.6  346.2055
   215.7  346.2431
   215.8  346.28066
   215.9  346.31819
     216  346.35569
   216.1  346.39315
   216.2  346.43058
   216.3  346.46798
   216.4  346.50534
   216.5  346.54267
   216.6  346.57997
   216.7  346.61723
   216.8  346.65446
   216.9  346.69165
     217  346.72882
   217.1  346.76595
   217.2  346.80304
   217.3  346.8401
   217.4  346.87713
   217.5  346.91413
   217.6  346.95109
   217.7  346.98802
   217.8  347.02492
   217.9  347.06179
     218  347.09862
   218.1  347.13542
   218.2  347.17219
   218.3  347.20892
   218.4  347.24562
   218.5  347.28229
   218.6  347.31893
   218.7  347.35553
   218.8  347.3921
   218.9  347.42864
     219  347.46515
   219.1  347.50162
   219.2  347.53806
   219.3  347.57447
   219.4  347.61085
   219.5  347.64719
   219.6  347.68351
   219.7  347.71979
   219.8  347.75604
   219.9  347.79225
     220  347.82844
   220.1  347.86459
   220.2  347.90071
   220.3  347.9368
   220.4  347.97286
   220.5  348.00889
   220.6  348.04488
   220.7  348.08084
   220.8  348.11678
   220.9  348.15268
     221  348.18854
   221.1  348.22438
   221.2  348.26019
   221.3  348.29596
   221.4  348.3317
   221.5  348.36741
   221.6  348.4031
   221.7  348.43874
   221.8  348.47436
   221.9  348.50995
     222  348.5455
   222.1  348.58103
   222.2  348.61652
   222.3  348.65199
   222.4  348.68742
   222.5  348.72282
   222.6  348.75819
   222.7  348.79353
   222.8  348.82884
   222.9  348.86411
     223  348.89936
   223.1  348.93458
   223.2  348.96976
   223.3  349.00492
   223.4  349.04005
   223.5  349.07514
   223.6  349.1102
   223.7  349.14524
   223.8  349.18024
   223.9  349.21521
     224  349.25016
   224.1  349.28507
   224.2  349.31995
   224.3  349.35481
   224.4  349.38963
   224.5  349.42442
   224.6  349.45918
   224.7  349.49392
   224.8  349.52862
   224.9  349.56329
     225  349.59793
   225.1  349.63255
   225.2  349.66713
   225.3  349.70168
   225.4  349.73621
   225.5  349.7707
   225.6  349.80517
   225.7  349.8396
   225.8  349.87401
   225.9  349.90838
     226  349.94273
   226.1  349.97705
   226.2  350.01133
   226.3  350.04559
   226.4  350.07982
   226.5  350.11402
   226.6  350.14819
   226.7  350.18233
   226.8  350.21644
   226.9  350.25053
     227  350.28458
   227.1  350.31861
   227.2  350.3526
   227.3  350.38657
   227.4  350.42051
   227.5  350.45442
   227.6  350.4883
   227.7  350.52215
   227.8  350.55597
   227.9  350.58977
     228  350.62353
   228.1  350.65727
   228.2  350.69098
   228.3  350.72466
   228.4  350.75831
   228.5  350.79193
   228.6  350.82553
   228.7  350.85909
   228.8  350.89263
   228.9  350.92614
     229  350.95962
   229.1  350.99307
   229.2  351.0265
   229.3  351.05989
   229.4  351.09326
   229.5  351.1266
   229.6  351.15991
   229.7  351.1932
   229.8  351.22645
   229.9  351.25968
     230  351.29288
   230.1  351.32605
   230.2  351.3592
   230.3  351.39231
   230.4  351.4254
   230.5  351.45846
   230.6  351.4915
   230.7  351.5245
   230.8  351.55748
   230.9  351.59043
     231  351.62335
   231.1  351.65625
   231.2  351.68911
   231.3  351.72195
   231.4  351.75477
   231.5  351.78755
   231.6  351.82031
   231.7  351.85304
   231.8  351.88574
   231.9  351.91842
     232  351.95107
   232.1  351.98369
   232.2  352.01628
   232.3  352.04885
   232.4  352.08139
   232.5  352.1139
   232.6  352.14639
   232.7  352.17885
   232.8  352.21128
   232.9  352.24369
     233  352.27606
   233.1  352.30842
   233.2  352.34074
   233.3  352.37304
   233.4  352.40531
   233.5  352.43755
   233.6  352.46977
   233.7  352.50196
   233.8  352.53413
   233.9  352.56627
     234  352.59838
   234.1  352.63046
   234.2  352.66252
   234.3  352.69455
   234.4  352.72656
   234.5  352.75854
   234.6  352.79049
   234.7  352.82242
   234.8  352.85432
   234.9  352.88619
     235  352.91804
   235.1  352.94986
   235.2  352.98166
   235.3  353.01343
   235.4  353.04517
   235.5  353.07689
   235.6  353.10858
   235.7  353.14025
   235.8  353.17189
   235.9  353.2035
     236  353.23509
   236.1  353.26665
   236.2  353.29819
   236.3  353.3297
   236.4  353.36118
   236.5  353.39264
   236.6  353.42408
   236.7  353.45548
   236.8  353.48687
   236.9  353.51822
     237  353.54956
   237.1  353.58086
   237.2  353.61214
   237.3  353.6434
   237.4  353.67463
   237.5  353.70583
   237.6  353.73701
   237.7  353.76816
   237.8  353.79929
   237.9  353.83039
     238  353.86147
   238.1  353.89252
   238.2  353.92355
   238.3  353.95455
   238.4  353.98553
   238.5  354.01648
   238.6  354.04741
   238.7  354.07831
   238.8  354.10919
   238.9  354.14004
     239  354.17087
   239.1  354.20167
   239.2  354.23245
   239.3  354.2632
   239.4  354.29393
   239.5  354.32463
   239.6  354.35531
   239.7  354.38596
   239.8  354.41659
   239.9  354.4472
     240  354.47778
   240.1  354.50833
   240.2  354.53886
   240.3  354.56937
   240.4  354.59985
   240.5  354.63031
   240.6  354.66074
   240.7  354.69115
   240.8  354.72153
   240.9  354.7519
     241  354.78223
   241.1  354.81254
   241.2  354.84283
   241.3  354.87309
   241.4  354.90333
   241.5  354.93355
   241.6  354.96374
   241.7  354.9939
   241.8  355.02405
   241.9  355.05417
     242  355.08426
   242.1  355.11433
   242.2  355.14438
   242.3  355.1744
   242.4  355.2044
   242.5  355.23437
   242.6  355.26433
   242.7  355.29425
   242.8  355.32416
   242.9  355.35404
     243  355.38389
   243.1  355.41373
   243.2  355.44353
   243.3  355.47332
   243.4  355.50308
   243.5  355.53282
   243.6  355.56254
   243.7  355.59223
   243.8  355.62189
   243.9  355.65154
     244  355.68116
   244.1  355.71076
   244.2  355.74033
   244.3  355.76988
   244.4  355.79941
   244.5  355.82892
   244.6  355.8584
   244.7  355.88786
   244.8  355.91729
   244.9  355.9467
     245  355.97609
   245.1  356.00546
   245.2  356.0348
   245.3  356.06412
   245.4  356.09342
   245.5  356.12269
   245.6  356.15194
   245.7  356.18117
   245.8  356.21037
   245.9  356.23955
     246  356.26871
   246.1  356.29785
   246.2  356.32696
   246.3  356.35605
   246.4  356.38512
   246.5  356.41417
   246.6  356.44319
   246.7  356.47219
   246.8  356.50117
   246.9  356.53012
     247  356.55905
   247.1  356.58796
   247.2  356.61685
   247.3  356.64572
   247.4  356.67456
   247.5  356.70338
   247.6  356.73218
   247.7  356.76095
   247.8  356.7897
   247.9  356.81843
     248  356.84714
   248.1  356.87583
   248.2  356.90449
   248.3  356.93313
   248.4  356.96175
   248.5  356.99035
   248.6  357.01893
   248.7  357.04748
   248.8  357.07601
   248.9  357.10452
     249  357.13301
   249.1  357.16147
   249.2  357.18991
   249.3  357.21834
   249.4  357.24673
   249.5  357.27511
   249.6  357.30347
   249.7  357.3318
   249.8  357.36011
   249.9  357.3884
     250  357.41667
   250.1  357.44492
   250.2  357.47314
   250.3  357.50134
   250.4  357.52953
   250.5  357.55769
   250.6  357.58582
   250.7  357.61394
   250.8  357.64204
   250.9  357.67011
     251  357.69816
   251.1  357.72619
   251.2  357.7542
   251.3  357.78219
   251.4  357.81016
   251.5  357.8381
   251.6  357.86602
   251.7  357.89393
   251.8  357.92181
   251.9  357.94967
     252  357.97751
   252.1  358.00532
   252.2  358.03312
   252.3  358.06089
   252.4  358.08865
   252.5  358.11638
   252.6  358.14409
   252.7  358.17178
   252.8  358.19945
   252.9  358.2271
     253  358.25473
   253.1  358.28234
   253.2  358.30992
   253.3  358.33749
   253.4  358.36503
   253.5  358.39255
   253.6  358.42005
   253.7  358.44754
   253.8   358.475
   253.9  358.50244
     254  358.52986
   254.1  358.55725
   254.2  358.58463
   254.3  358.61199
   254.4  358.63932
   254.5  358.66664
   254.6  358.69394
   254.7  358.72121
   254.8  358.74846
   254.9  358.7757
     255  358.80291
   255.1  358.8301
   255.2  358.85728
   255.3  358.88443
   255.4  358.91156
   255.5  358.93867
   255.6  358.96576
   255.7  358.99283
   255.8  359.01988
   255.9  359.04691
     256  359.07392
   256.1  359.10091
   256.2  359.12788
   256.3  359.15482
   256.4  359.18175
   256.5  359.20866
   256.6  359.23555
   256.7  359.26242
   256.8  359.28927
   256.9  359.31609
     257  359.3429
   257.1  359.36969
   257.2  359.39646
   257.3  359.42321
   257.4  359.44993
   257.5  359.47664
   257.6  359.50333
   257.7    359.53
   257.8  359.55665
   257.9  359.58328
     258  359.60989
   258.1  359.63648
   258.2  359.66305
   258.3  359.6896
   258.4  359.71613
   258.5  359.74264
   258.6  359.76913
   258.7  359.7956
   258.8  359.82205
   258.9  359.84848
     259  359.87489
   259.1  359.90129
   259.2  359.92766
   259.3  359.95401
   259.4  359.98035
   259.5  360.00666
   259.6  360.03296
   259.7  360.05923
   259.8  360.08549
   259.9  360.11173
     260  360.13795
   260.1  360.16415
   260.2  360.19033
   260.3  360.21649
   260.4  360.24263
   260.5  360.26875
   260.6  360.29485
   260.7  360.32093
   260.8   360.347
   260.9  360.37304
     261  360.39907
   261.1  360.42508
   261.2  360.45106
   261.3  360.47703
   261.4  360.50298
   261.5  360.52891
   261.6  360.55482
   261.7  360.58072
   261.8  360.60659
   261.9  360.63245
     262  360.65828
   262.1  360.6841
   262.2  360.7099
   262.3  360.73568
   262.4  360.76144
   262.5  360.78718
   262.6  360.8129
   262.7  360.83861
   262.8  360.86429
   262.9  360.88996
     263  360.91561
   263.1  360.94124
   263.2  360.96685
   263.3  360.99244
   263.4  361.01801
   263.5  361.04357
   263.6  361.0691
   263.7  361.09462
   263.8  361.12012
   263.9  361.1456
     264  361.17106
   264.1  361.19651
   264.2  361.22193
   264.3  361.24734
   264.4  361.27273
   264.5  361.2981
   264.6  361.32345
   264.7  361.34879
   264.8  361.3741
   264.9  361.3994
     265  361.42468
   265.1  361.44994
   265.2  361.47518
   265.3  361.50041
   265.4  361.52561
   265.5  361.5508
   265.6  361.57597
   265.7  361.60112
   265.8  361.62625
   265.9  361.65137
     266  361.67647
   266.1  361.70155
   266.2  361.72661
   266.3  361.75165
   266.4  361.77668
   266.5  361.80168
   266.6  361.82667
   266.7  361.85165
   266.8  361.8766
   266.9  361.90153
     267  361.92645
   267.1  361.95135
   267.2  361.97623
   267.3  362.0011
   267.4  362.02595
   267.5  362.05078
   267.6  362.07559
   267.7  362.10038
   267.8  362.12516
   267.9  362.14991
     268  362.17465
   268.1  362.19938
   268.2  362.22408
   268.3  362.24877
   268.4  362.27344
   268.5  362.29809
   268.6  362.32273
   268.7  362.34735
   268.8  362.37195
   268.9  362.39653
     269  362.42109
   269.1  362.44564
   269.2  362.47017
   269.3  362.49468
   269.4  362.51918
   269.5  362.54366
   269.6  362.56812
   269.7  362.59256
   269.8  362.61699
   269.9  362.6414
     270  362.66579
   270.1  362.69016
   270.2  362.71452
   270.3  362.73886
   270.4  362.76318
   270.5  362.78749
   270.6  362.81177
   270.7  362.83605
   270.8  362.8603
   270.9  362.88454
     271  362.90876
   271.1  362.93296
   271.2  362.95714
   271.3  362.98131
   271.4  363.00547
   271.5  363.0296
   271.6  363.05372
   271.7  363.07782
   271.8  363.1019
   271.9  363.12597
     272  363.15002
   272.1  363.17405
   272.2  363.19807
   272.3  363.22207
   272.4  363.24605
   272.5  363.27002
   272.6  363.29397
   272.7  363.3179
   272.8  363.34181
   272.9  363.36571
     273  363.3896
   273.1  363.41346
   273.2  363.43731
   273.3  363.46114
   273.4  363.48496
   273.5  363.50876
   273.6  363.53254
   273.7  363.55631
   273.8  363.58006
   273.9  363.60379
     274  363.6275
   274.1  363.6512
   274.2  363.67489
   274.3  363.69855
   274.4  363.7222
   274.5  363.74584
   274.6  363.76946
   274.7  363.79306
   274.8  363.81664
   274.9  363.84021
     275  363.86376
   275.1  363.8873
   275.2  363.91082
   275.3  363.93432
   275.4  363.95781
   275.5  363.98128
   275.6  364.00473
   275.7  364.02817
   275.8  364.05159
   275.9   364.075
     276  364.09839
   276.1  364.12176
   276.2  364.14512
   276.3  364.16846
   276.4  364.19178
   276.5  364.21509
   276.6  364.23839
   276.7  364.26166
   276.8  364.28492
   276.9  364.30817
     277  364.3314
   277.1  364.35461
   277.2  364.37781
   277.3  364.40099
   277.4  364.42415
   277.5  364.4473
   277.6  364.47044
   277.7  364.49355
   277.8  364.51666
   277.9  364.53974
     278  364.56281
   278.1  364.58587
   278.2  364.6089
   278.3  364.63193
   278.4  364.65493
   278.5  364.67792
   278.6  364.7009
   278.7  364.72386
   278.8  364.7468
   278.9  364.76973
     279  364.79264
   279.1  364.81554
   279.2  364.83842
   279.3  364.86129
   279.4  364.88414
   279.5  364.90697
   279.6  364.92979
   279.7  364.9526
   279.8  364.97538
   279.9  364.99816
     280  365.02091
   280.1  365.04366
   280.2  365.06638
   280.3  365.08909
   280.4  365.11179
   280.5  365.13447
   280.6  365.15713
   280.7  365.17978
   280.8  365.20242
   280.9  365.22503
     281  365.24764
   281.1  365.27023
   281.2  365.2928
   281.3  365.31536
   281.4  365.3379
   281.5  365.36043
   281.6  365.38294
   281.7  365.40543
   281.8  365.42791
   281.9  365.45038
     282  365.47283
   282.1  365.49527
   282.2  365.51769
   282.3  365.54009
   282.4  365.56248
   282.5  365.58486
   282.6  365.60722
   282.7  365.62957
   282.8  365.6519
   282.9  365.67421
     283  365.69651
   283.1  365.7188
   283.2  365.74107
   283.3  365.76332
   283.4  365.78556
   283.5  365.80779
   283.6    365.83
   283.7  365.85219
   283.8  365.87438
   283.9  365.89654
     284  365.91869
   284.1  365.94083
   284.2  365.96295
   284.3  365.98506
   284.4  366.00715
   284.5  366.02923
   284.6  366.05129
   284.7  366.07334
   284.8  366.09537
   284.9  366.11739
     285  366.13939
   285.1  366.16138
   285.2  366.18336
   285.3  366.20532
   285.4  366.22726
   285.5  366.24919
   285.6  366.27111
   285.7  366.29301
   285.8  366.3149
   285.9  366.33677
     286  366.35863
   286.1  366.38047
   286.2  366.4023
   286.3  366.42411
   286.4  366.44591
   286.5  366.4677
   286.6  366.48947
   286.7  366.51123
   286.8  366.53297
   286.9  366.55469
     287  366.57641
   287.1  366.59811
   287.2  366.61979
   287.3  366.64146
   287.4  366.66312
   287.5  366.68476
   287.6  366.70639
   287.7   366.728
   287.8  366.7496
   287.9  366.77118
     288  366.79275
   288.1  366.81431
   288.2  366.83585
   288.3  366.85738
   288.4  366.87889
   288.5  366.90039
   288.6  366.92188
   288.7  366.94335
   288.8  366.96481
   288.9  366.98625
     289  367.00768
   289.1  367.02909
   289.2  367.05049
   289.3  367.07188
   289.4  367.09325
   289.5  367.11461
   289.6  367.13596
   289.7  367.15729
   289.8  367.17861
   289.9  367.19991
     290  367.2212
   290.1  367.24247
   290.2  367.26373
   290.3  367.28498
   290.4  367.30621
   290.5  367.32743
   290.6  367.34864
   290.7  367.36983
   290.8  367.39101
   290.9  367.41217
     291  367.43332
   291.1  367.45446
   291.2  367.47558
   291.3  367.49669
   291.4  367.51779
   291.5  367.53887
   291.6  367.55994
   291.7  367.58099
   291.8  367.60203
   291.9  367.62306
     292  367.64407
   292.1  367.66507
   292.2  367.68606
   292.3  367.70703
   292.4  367.72799
   292.5  367.74893
   292.6  367.76987
   292.7  367.79078
   292.8  367.81169
   292.9  367.83258
     293  367.85346
   293.1  367.87432
   293.2  367.89517
   293.3  367.91601
   293.4  367.93683
   293.5  367.95764
   293.6  367.97844
   293.7  367.99922
   293.8  368.01999
   293.9  368.04075
     294  368.06149
   294.1  368.08222
   294.2  368.10294
   294.3  368.12364
   294.4  368.14433
   294.5  368.16501
   294.6  368.18567
   294.7  368.20632
   294.8  368.22696
   294.9  368.24758
     295  368.26819
   295.1  368.28879
   295.2  368.30937
   295.3  368.32994
   295.4  368.3505
   295.5  368.37105
   295.6  368.39158
   295.7  368.4121
   295.8  368.4326
   295.9  368.45309
     296  368.47357
   296.1  368.49404
   296.2  368.51449
   296.3  368.53493
   296.4  368.55535
   296.5  368.57577
   296.6  368.59617
   296.7  368.61655
   296.8  368.63693
   296.9  368.65729
     297  368.67764
   297.1  368.69797
   297.2  368.7183
   297.3  368.73861
   297.4  368.7589
   297.5  368.77919
   297.6  368.79946
   297.7  368.81971
   297.8  368.83996
   297.9  368.86019
     298  368.88041
   298.1  368.90062
   298.2  368.92081
   298.3  368.94099
   298.4  368.96116
   298.5  368.98132
   298.6  369.00146
   298.7  369.02159
   298.8  369.0417
   298.9  369.06181
     299  369.0819
   299.1  369.10198
   299.2  369.12205
   299.3  369.1421
   299.4  369.16214
   299.5  369.18217
   299.6  369.20218
   299.7  369.22219
   299.8  369.24218
   299.9  369.26215
     300  369.28212
