     4.2, 2.0628093
     4.3, 2.1144289
     4.4, 2.1662292
     4.5, 2.2182148
     4.6, 2.2703898
     4.7, 2.3227586
     4.8, 2.3753256
     4.9, 2.4280951
       5, 2.4810714
     5.1, 2.5342588
     5.2, 2.5876616
     5.3, 2.6412841
     5.4, 2.6951306
     5.5, 2.7492055
     5.6, 2.803513
     5.7, 2.8580574
     5.8, 2.912843
     5.9, 2.9678741
       6, 3.0231548
     6.1, 3.0786896
     6.2, 3.1344827
     6.3, 3.1905383
     6.4, 3.2468606
     6.5, 3.303454
     6.6, 3.3603227
     6.7, 3.4174709
     6.8, 3.4749028
     6.9, 3.5326227
       7, 3.5906348
     7.1, 3.6489433
     7.2, 3.7075524
     7.3, 3.7664664
     7.4, 3.8256894
     7.5, 3.8852257
     7.6, 3.9450793
     7.7, 4.0052546
     7.8, 4.0657557
     7.9, 4.1265867
       8, 4.1877519
     8.1, 4.2492554
     8.2, 4.3111013
     8.3, 4.3732938
     8.4, 4.4358371
     8.5, 4.4987353
     8.6, 4.5619925
     8.7, 4.6256128
     8.8, 4.6896004
     8.9, 4.7539594
       9, 4.8186939
     9.1, 4.883808
     9.2, 4.9493057
     9.3, 5.0151913
     9.4, 5.0814687
     9.5, 5.148142
     9.6, 5.2152154
     9.7, 5.2826928
     9.8, 5.3505783
     9.9, 5.418876
      10, 5.4875899
    10.1, 5.5567241
    10.2, 5.6262825
    10.3, 5.6962692
    10.4, 5.7666882
    10.5, 5.8375436
    10.6, 5.9088392
    10.7, 5.9805792
    10.8, 6.0527674
    10.9, 6.1254079
      11, 6.1985046
    11.1, 6.2720615
    11.2, 6.3460825
    11.3, 6.4205716
    11.4, 6.4955328
    11.5, 6.5709698
    11.6, 6.6468868
    11.7, 6.7232875
    11.8, 6.8001759
    11.9, 6.8775559
      12, 6.9554313
    12.1, 7.0338061
    12.2, 7.1126841
    12.3, 7.1920691
    12.4, 7.2719651
    12.5, 7.3523758
    12.6, 7.4333052
    12.7, 7.514757
    12.8, 7.596735
    12.9, 7.679243
      13, 7.7622849
    13.1, 7.8458644
    13.2, 7.9299854
    13.3, 8.0146515
    13.4, 8.0998666
    13.5, 8.1856343
    13.6, 8.2719585
    13.7, 8.3588428
    13.8, 8.446291
    13.9, 8.5343068
      14, 8.6228939
    14.1, 8.712056
    14.2, 8.8017967
    14.3, 8.8921198
    14.4, 8.9830288
    14.5, 9.0745275
    14.6, 9.1666194
    14.7, 9.2593083
    14.8, 9.3525976
    14.9, 9.4464911
      15, 9.5409923
    15.1, 9.6361047
    15.2, 9.731832
    15.3, 9.8281778
    15.4, 9.9251455
    15.5, 10.022739
    15.6, 10.120961
    15.7, 10.219816
    15.8, 10.319307
    15.9, 10.419437
      16, 10.52021
    16.1, 10.62163
    16.2,  10.7237
    16.3, 10.826423
    16.4, 10.929803
    16.5, 11.033844
    16.6, 11.138547
    16.7, 11.243918
    16.8, 11.34996
    16.9, 11.456675
      17, 11.564067
    17.1, 11.672139
    17.2, 11.780896
    17.3, 11.890339
    17.4, 12.000473
    17.5,  12.1113
    17.6, 12.222825
    17.7, 12.335049
    17.8, 12.447978
    17.9, 12.561612
      18, 12.675957
    18.1, 12.791015
    18.2, 12.906789
    18.3, 13.023283
    18.4, 13.140499
    18.5, 13.258441
    18.6, 13.377112
    18.7, 13.496515
    18.8, 13.616653
    18.9, 13.737529
      19, 13.859147
    19.1, 13.981509
    19.2, 14.104618
    19.3, 14.228478
    19.4, 14.353091
    19.5, 14.478461
    19.6, 14.60459
    19.7, 14.731481
    19.8, 14.859138
    19.9, 14.987563
      20, 15.116759
    20.1, 15.24673
    20.2, 15.377477
    20.3, 15.509004
    20.4, 15.641314
    20.5, 15.774409
    20.6, 15.908293
    20.7, 16.042968
    20.8, 16.178437
    20.9, 16.314702
      21, 16.451767
    21.1, 16.589634
    21.2, 16.728306
    21.3, 16.867786
    21.4, 17.008076
    21.5, 17.149179
    21.6, 17.291098
    21.7, 17.433835
    21.8, 17.577393
    21.9, 17.721774
      22, 17.866981
    22.1, 18.013017
    22.2, 18.159885
    22.3, 18.307586
    22.4, 18.456123
    22.5, 18.605498
    22.6, 18.755715
    22.7, 18.906776
    22.8, 19.058682
    22.9, 19.211437
      23, 19.365043
    23.1, 19.519502
    23.2, 19.674817
    23.3, 19.83099
    23.4, 19.988022
    23.5, 20.145918
    23.6, 20.304678
    23.7, 20.464305
    23.8, 20.624802
    23.9, 20.78617
      24, 20.948412
    24.1, 21.11153
    24.2, 21.275526
    24.3, 21.440402
    24.4, 21.606161
    24.5, 21.772804
    24.6, 21.940334
    24.7, 22.108752
    24.8, 22.278061
    24.9, 22.448263
      25, 22.619359
    25.1, 22.791352
    25.2, 22.964243
    25.3, 23.138035
    25.4, 23.31273
    25.5, 23.488329
    25.6, 23.664834
    25.7, 23.842247
    25.8, 24.020571
    25.9, 24.199806
      26, 24.379954
    26.1, 24.561018
    26.2, 24.742999
    26.3, 24.925898
    26.4, 25.109719
    26.5, 25.294461
    26.6, 25.480127
    26.7, 25.666718
    26.8, 25.854237
    26.9, 26.042684
      27, 26.232062
    27.1, 26.422371
    27.2, 26.613614
    27.3, 26.805791
    27.4, 26.998905
    27.5, 27.192957
    27.6, 27.387947
    27.7, 27.583879
    27.8, 27.780752
    27.9, 27.978569
      28, 28.17733
    28.1, 28.377038
    28.2, 28.577692
    28.3, 28.779296
    28.4, 28.981849
    28.5, 29.185354
    28.6, 29.38981
    28.7, 29.595221
    28.8, 29.801585
    28.9, 30.008906
      29, 30.217184
    29.1, 30.426419
    29.2, 30.636614
    29.3, 30.847769
    29.4, 31.059884
    29.5, 31.272962
    29.6, 31.487004
    29.7, 31.702009
    29.8, 31.917979
    29.9, 32.134915
      30, 32.352817
    30.1, 32.571688
    30.2, 32.791526
    30.3, 33.012334
    30.4, 33.234112
    30.5, 33.456861
    30.6, 33.680581
    30.7, 33.905273
    30.8, 34.130939
    30.9, 34.357577
      31, 34.58519
    31.1, 34.813778
    31.2, 35.043341
    31.3, 35.27388
    31.4, 35.505395
    31.5, 35.737888
    31.6, 35.971357
    31.7, 36.205805
    31.8, 36.441231
    31.9, 36.677636
      32, 36.91502
    32.1, 37.153383
    32.2, 37.392727
    32.3, 37.63305
    32.4, 37.874354
    32.5, 38.116639
    32.6, 38.359904
    32.7, 38.604151
    32.8, 38.849379
    32.9, 39.095588
      33, 39.342779
    33.1, 39.590952
    33.2, 39.840107
    33.3, 40.090243
    33.4, 40.341362
    33.5, 40.593462
    33.6, 40.846545
    33.7, 41.100609
    33.8, 41.355655
    33.9, 41.611683
      34, 41.868692
    34.1, 42.126683
    34.2, 42.385655
    34.3, 42.645608
    34.4, 42.906542
    34.5, 43.168457
    34.6, 43.431352
    34.7, 43.695228
    34.8, 43.960083
    34.9, 44.225917
      35, 44.492731
    35.1, 44.760523
    35.2, 45.029294
    35.3, 45.299042
    35.4, 45.569768
    35.5, 45.841471
    35.6, 46.11415
    35.7, 46.387804
    35.8, 46.662434
    35.9, 46.938039
      36, 47.214618
    36.1, 47.49217
    36.2, 47.770695
    36.3, 48.050191
    36.4, 48.330659
    36.5, 48.612098
    36.6, 48.894506
    36.7, 49.177884
    36.8, 49.462229
    36.9, 49.747542
      37, 50.033822
    37.1, 50.321067
    37.2, 50.609276
    37.3, 50.898449
    37.4, 51.188585
    37.5, 51.479683
    37.6, 51.771741
    37.7, 52.064759
    37.8, 52.358736
    37.9, 52.65367
      38, 52.949561
    38.1, 53.246407
    38.2, 53.544207
    38.3, 53.84296
    38.4, 54.142664
    38.5, 54.443319
    38.6, 54.744924
    38.7, 55.047476
    38.8, 55.350974
    38.9, 55.655418
      39, 55.960806
    39.1, 56.267137
    39.2, 56.574408
    39.3, 56.882619
    39.4, 57.191768
    39.5, 57.501855
    39.6, 57.812876
    39.7, 58.124831
    39.8, 58.437718
    39.9, 58.751536
      40, 59.066282
    40.1, 59.381956
    40.2, 59.698556
    40.3, 60.01608
    40.4, 60.334526
    40.5, 60.653893
    40.6, 60.974179
    40.7, 61.295382
    40.8,  61.6175
    40.9, 61.940531
      41, 62.264475
    41.1, 62.589328
    41.2, 62.915089
    41.3, 63.241757
    41.4, 63.569328
    41.5, 63.897802
    41.6, 64.227176
    41.7, 64.557448
    41.8, 64.888617
    41.9, 65.220679
      42, 65.553634
    42.1, 65.887479
    42.2, 66.222212
    42.3, 66.557831
    42.4, 66.894333
    42.5, 67.231717
    42.6, 67.569981
    42.7, 67.909121
    42.8, 68.249137
    42.9, 68.590025
      43, 68.931784
    43.1, 69.27441
    43.2, 69.617903
    43.3, 69.962259
    43.4, 70.307476
    43.5, 70.653552
    43.6, 71.000484
    43.7, 71.34827
    43.8, 71.696908
    43.9, 72.046394
      44, 72.396727
    44.1, 72.747905
    44.2, 73.099923
    44.3, 73.452781
    44.4, 73.806475
    44.5, 74.161003
    44.6, 74.516362
    44.7, 74.87255
    44.8, 75.229564
    44.9, 75.587401
      45, 75.946059
    45.1, 76.305535
    45.2, 76.665826
    45.3, 77.026929
    45.4, 77.388842
    45.5, 77.751563
    45.6, 78.115087
    45.7, 78.479413
    45.8, 78.844538
    45.9, 79.210458
      46, 79.577171
    46.1, 79.944674
    46.2, 80.312964
    46.3, 80.682039
    46.4, 81.051894
    46.5, 81.422528
    46.6, 81.793937
    46.7, 82.166119
    46.8, 82.53907
    46.9, 82.912787
      47, 83.287268
    47.1, 83.662509
    47.2, 84.038507
    47.3, 84.415259
    47.4, 84.792762
    47.5, 85.171013
    47.6, 85.550009
    47.7, 85.929746
    47.8, 86.310222
    47.9, 86.691433
      48, 87.073376
    48.1, 87.456048
    48.2, 87.839445
    48.3, 88.223565
    48.4, 88.608404
    48.5, 88.993959
    48.6, 89.380226
    48.7, 89.767203
    48.8, 90.154886
    48.9, 90.543271
      49, 90.932355
    49.1, 91.322136
    49.2, 91.712609
    49.3, 92.103771
    49.4, 92.495619
    49.5, 92.888149
    49.6, 93.281359
    49.7, 93.675244
    49.8,  94.0698
    49.9, 94.465026
      50, 94.860916
    50.1, 95.257468
    50.2, 95.654679
    50.3, 96.052543
    50.4, 96.451059
    50.5, 96.850223
    50.6, 97.25003
    50.7, 97.650478
    50.8, 98.051563
    50.9, 98.453281
      51, 98.855629
    51.1, 99.258602
    51.2, 99.662199
    51.3, 100.06641
    51.4, 100.47124
    51.5, 100.87669
    51.6, 101.28274
    51.7, 101.68939
    51.8, 102.09664
    51.9, 102.50449
      52, 102.91294
    52.1, 103.32197
    52.2, 103.73159
    52.3, 104.14179
    52.4, 104.55257
    52.5, 104.96393
    52.6, 105.37585
    52.7, 105.78834
    52.8, 106.2014
    52.9, 106.61501
      53, 107.02918
    53.1, 107.44391
    53.2, 107.85918
    53.3, 108.27499
    53.4, 108.69134
    53.5, 109.10824
    53.6, 109.52566
    53.7, 109.94361
    53.8, 110.36209
    53.9, 110.78109
      54, 111.20061
    54.1, 111.62063
    54.2, 112.04117
    54.3, 112.46222
    54.4, 112.88377
    54.5, 113.30581
    54.6, 113.72835
    54.7, 114.15138
    54.8, 114.57489
    54.9, 114.99889
      55, 115.42336
    55.1, 115.84831
    55.2, 116.27373
    55.3, 116.69962
    55.4, 117.12597
    55.5, 117.55278
    55.6, 117.98004
    55.7, 118.40775
    55.8, 118.83591
    55.9, 119.26451
      56, 119.69356
    56.1, 120.12303
    56.2, 120.55294
    56.3, 120.98327
    56.4, 121.41403
    56.5, 121.84521
    56.6, 122.2768
    56.7, 122.7088
    56.8, 123.14121
    56.9, 123.57402
      57, 124.00723
    57.1, 124.44083
    57.2, 124.87483
    57.3, 125.30921
    57.4, 125.74398
    57.5, 126.17912
    57.6, 126.61464
    57.7, 127.05053
    57.8, 127.48679
    57.9, 127.92341
      58, 128.36039
    58.1, 128.79772
    58.2, 129.23541
    58.3, 129.67344
    58.4, 130.11181
    58.5, 130.55052
    58.6, 130.98957
    58.7, 131.42895
    58.8, 131.86865
    58.9, 132.30868
      59, 132.74903
    59.1, 133.18969
    59.2, 133.63066
    59.3, 134.07193
    59.4, 134.51351
    59.5, 134.95539
    59.6, 135.39757
    59.7, 135.84003
    59.8, 136.28278
    59.9, 136.72581
      60, 137.16912
    60.1, 137.61271
    60.2, 138.05656
    60.3, 138.50068
    60.4, 138.94507
    60.5, 139.38971
    60.6, 139.83461
    60.7, 140.27976
    60.8, 140.72515
    60.9, 141.17079
      61, 141.61666
    61.1, 142.06277
    61.2, 142.50911
    61.3, 142.95568
    61.4, 143.40247
    61.5, 143.84948
    61.6, 144.2967
    61.7, 144.74413
    61.8, 145.19177
    61.9, 145.63961
      62, 146.08765
    62.1, 146.53589
    62.2, 146.98432
    62.3, 147.43293
    62.4, 147.88173
    62.5, 148.33071
    62.6, 148.77986
    62.7, 149.22918
    62.8, 149.67867
    62.9, 150.12832
      63, 150.57814
    63.1, 151.02811
    63.2, 151.47823
    63.3, 151.92849
    63.4, 152.37891
    63.5, 152.82946
    63.6, 153.28015
    63.7, 153.73097
    63.8, 154.18192
    63.9,  154.633
      64, 155.08419
    64.1, 155.5355
    64.2, 155.98693
    64.3, 156.43846
    64.4, 156.89011
    64.5, 157.34185
    64.6, 157.79369
    64.7, 158.24562
    64.8, 158.69765
    64.9, 159.14976
      65, 159.60195
    65.1, 160.05423
    65.2, 160.50658
    65.3,  160.959
    65.4, 161.41149
    65.5, 161.86404
    65.6, 162.31665
    65.7, 162.76932
    65.8, 163.22204
    65.9, 163.67481
      66, 164.12763
    66.1, 164.58049
    66.2, 165.03339
    66.3, 165.48632
    66.4, 165.93928
    66.5, 166.39227
    66.6, 166.84529
    66.7, 167.29832
    66.8, 167.75137
    66.9, 168.20443
      67, 168.6575
    67.1, 169.11058
    67.2, 169.56366
    67.3, 170.01673
    67.4, 170.46981
    67.5, 170.92287
    67.6, 171.37592
    67.7, 171.82895
    67.8, 172.28197
    67.9, 172.73496
      68, 173.18793
    68.1, 173.64086
    68.2, 174.09377
    68.3, 174.54663
    68.4, 174.99946
    68.5, 175.45224
    68.6, 175.90497
    68.7, 176.35765
    68.8, 176.81028
    68.9, 177.26285
      69, 177.71537
    69.1, 178.16781
    69.2, 178.62019
    69.3, 179.0725
    69.4, 179.52473
    69.5, 179.97688
    69.6, 180.42896
    69.7, 180.88095
    69.8, 181.33285
    69.9, 181.78466
      70, 182.23637
    70.1, 182.68799
    70.2, 183.13951
    70.3, 183.59092
    70.4, 184.04223
    70.5, 184.49342
    70.6, 184.9445
    70.7, 185.39546
    70.8, 185.84631
    70.9, 186.29703
      71, 186.74762
    71.1, 187.19808
    71.2, 187.64841
    71.3, 188.0986
    71.4, 188.54865
    71.5, 188.99857
    71.6, 189.44833
    71.7, 189.89795
    71.8, 190.34741
    71.9, 190.79672
      72, 191.24587
    72.1, 191.69486
    72.2, 192.14369
    72.3, 192.59235
    72.4, 193.04084
    72.5, 193.48916
    72.6, 193.9373
    72.7, 194.38526
    72.8, 194.83304
    72.9, 195.28063
      73, 195.72804
    73.1, 196.17525
    73.2, 196.62227
    73.3, 197.0691
    73.4, 197.51572
    73.5, 197.96215
    73.6, 198.40836
    73.7, 198.85437
    73.8, 199.30017
    73.9, 199.74576
      74, 200.19112
    74.1, 200.63627
    74.2, 201.0812
    74.3, 201.5259
    74.4, 201.97038
    74.5, 202.41462
    74.6, 202.85863
    74.7, 203.3024
    74.8, 203.74594
    74.9, 204.18923
      75, 204.63228
    75.1, 205.07509
    75.2, 205.51764
    75.3, 205.95994
    75.4, 206.40199
    75.5, 206.84378
    75.6, 207.28531
    75.7, 207.72658
    75.8, 208.16758
    75.9, 208.60832
      76, 209.04878
    76.1, 209.48898
    76.2, 209.9289
    76.3, 210.36854
    76.4, 210.80789
    76.5, 211.24697
    76.6, 211.68576
    76.7, 212.12427
    76.8, 212.56248
    76.9, 213.0004
      77, 213.43803
    77.1, 213.87536
    77.2, 214.31239
    77.3, 214.74912
    77.4, 215.18554
    77.5, 215.62166
    77.6, 216.05747
    77.7, 216.49296
    77.8, 216.92815
    77.9, 217.36301
      78, 217.79756
    78.1, 218.23179
    78.2, 218.66569
    78.3, 219.09927
    78.4, 219.53253
    78.5, 219.96545
    78.6, 220.39804
    78.7, 220.8303
    78.8, 221.26222
    78.9, 221.6938
      79, 222.12504
    79.1, 222.55594
    79.2, 222.9865
    79.3, 223.41671
    79.4, 223.84656
    79.5, 224.27607
    79.6, 224.70523
    79.7, 225.13403
    79.8, 225.56247
    79.9, 225.99056
      80, 226.41828
    80.1, 226.84564
    80.2, 227.27263
    80.3, 227.69926
    80.4, 228.12552
    80.5, 228.5514
    80.6, 228.97692
    80.7, 229.40206
    80.8, 229.82682
    80.9, 230.2512
      81, 230.6752
    81.1, 231.09882
    81.2, 231.52206
    81.3, 231.94491
    81.4, 232.36737
    81.5, 232.78944
    81.6, 233.21112
    81.7, 233.63241
    81.8, 234.0533
    81.9, 234.47379
      82, 234.89389
    82.1, 235.31358
    82.2, 235.73287
    82.3, 236.15176
    82.4, 236.57024
    82.5, 236.98832
    82.6, 237.40598
    82.7, 237.82324
    82.8, 238.24008
    82.9, 238.65651
      83, 239.07252
    83.1, 239.48812
    83.2, 239.9033
    83.3, 240.31805
    83.4, 240.73239
    83.5, 241.1463
    83.6, 241.55979
    83.7, 241.97284
    83.8, 242.38548
    83.9, 242.79768
      84, 243.20945
    84.1, 243.62078
    84.2, 244.03169
    84.3, 244.44215
    84.4, 244.85219
    84.5, 245.26178
    84.6, 245.67093
    84.7, 246.07964
    84.8, 246.48791
    84.9, 246.89573
      85, 247.30311
    85.1, 247.71004
    85.2, 248.11652
    85.3, 248.52256
    85.4, 248.92814
    85.5, 249.33327
    85.6, 249.73794
    85.7, 250.14217
    85.8, 250.54593
    85.9, 250.94924
      86, 251.35209
    86.1, 251.75448
    86.2, 252.15641
    86.3, 252.55787
    86.4, 252.95887
    86.5, 253.35941
    86.6, 253.75948
    86.7, 254.15909
    86.8, 254.55822
    86.9, 254.95689
      87, 255.35509
    87.1, 255.75281
    87.2, 256.15006
    87.3, 256.54684
    87.4, 256.94314
    87.5, 257.33897
    87.6, 257.73432
    87.7, 258.12919
    87.8, 258.52358
    87.9, 258.91749
      88, 259.31092
    88.1, 259.70387
    88.2, 260.09633
    88.3, 260.48831
    88.4, 260.87981
    88.5, 261.27082
    88.6, 261.66134
    88.7, 262.05137
    88.8, 262.44091
    88.9, 262.82997
      89, 263.21853
    89.1, 263.6066
    89.2, 263.99418
    89.3, 264.38126
    89.4, 264.76785
    89.5, 265.15394
    89.6, 265.53954
    89.7, 265.92464
    89.8, 266.30924
    89.9, 266.69335
      90, 267.07695
    90.1, 267.46006
    90.2, 267.84266
    90.3, 268.22476
    90.4, 268.60636
    90.5, 268.98745
    90.6, 269.36804
    90.7, 269.74813
    90.8, 270.12771
    90.9, 270.50678
      91, 270.88535
    91.1, 271.2634
    91.2, 271.64095
    91.3, 272.01799
    91.4, 272.39452
    91.5, 272.77055
    91.6, 273.14605
    91.7, 273.52105
    91.8, 273.89554
    91.9, 274.26951
      92, 274.64297
    92.1, 275.01591
    92.2, 275.38834
    92.3, 275.76025
    92.4, 276.13165
    92.5, 276.50253
    92.6, 276.8729
    92.7, 277.24274
    92.8, 277.61207
    92.9, 277.98088
      93, 278.34917
    93.1, 278.71694
    93.2, 279.08419
    93.3, 279.45092
    93.4, 279.81713
    93.5, 280.18282
    93.6, 280.54798
    93.7, 280.91263
    93.8, 281.27675
    93.9, 281.64034
      94, 282.00342
    94.1, 282.36596
    94.2, 282.72799
    94.3, 283.08948
    94.4, 283.45046
    94.5, 283.8109
    94.6, 284.17083
    94.7, 284.53022
    94.8, 284.88909
    94.9, 285.24743
      95, 285.60524
    95.1, 285.96252
    95.2, 286.31928
    95.3, 286.67551
    95.4, 287.03121
    95.5, 287.38638
    95.6, 287.74102
    95.7, 288.09513
    95.8, 288.44871
    95.9, 288.80176
      96, 289.15428
    96.1, 289.50627
    96.2, 289.85772
    96.3, 290.20865
    96.4, 290.55905
    96.5, 290.90891
    96.6, 291.25824
    96.7, 291.60704
    96.8, 291.95531
    96.9, 292.30304
      97, 292.65025
    97.1, 292.99691
    97.2, 293.34305
    97.3, 293.68865
    97.4, 294.03372
    97.5, 294.37826
    97.6, 294.72226
    97.7, 295.06573
    97.8, 295.40867
    97.9, 295.75107
      98, 296.09294
    98.1, 296.43427
    98.2, 296.77507
    98.3, 297.11533
    98.4, 297.45506
    98.5, 297.79426
    98.6, 298.13292
    98.7, 298.47105
    98.8, 298.80864
    98.9, 299.1457
      99, 299.48222
    99.1, 299.81821
    99.2, 300.15366
    99.3, 300.48858
    99.4, 300.82297
    99.5, 301.15682
    99.6, 301.49013
    99.7, 301.82291
    99.8, 302.15515
    99.9, 302.48686
     100, 302.81804
   100.1, 303.14868
   100.2, 303.47879
   100.3, 303.80836
   100.4, 304.1374
   100.5, 304.4659
   100.6, 304.79387
   100.7, 305.1213
   100.8, 305.4482
   100.9, 305.77457
     101, 306.1004
   101.1, 306.4257
   101.2, 306.75046
   101.3, 307.07469
   101.4, 307.39839
   101.5, 307.72156
   101.6, 308.04419
   101.7, 308.36628
   101.8, 308.68785
   101.9, 309.00888
     102, 309.32938
   102.1, 309.64934
   102.2, 309.96877
   102.3, 310.28768
   102.4, 310.60604
   102.5, 310.92388
   102.6, 311.24119
   102.7, 311.55796
   102.8, 311.8742
   102.9, 312.18991
     103, 312.50509
   103.1, 312.81974
   103.2, 313.13386
   103.3, 313.44745
   103.4, 313.76051
   103.5, 314.07304
   103.6, 314.38504
   103.7, 314.6965
   103.8, 315.00744
   103.9, 315.31786
     104, 315.62774
   104.1, 315.93709
   104.2, 316.24592
   104.3, 316.55422
   104.4, 316.86199
   104.5, 317.16923
   104.6, 317.47595
   104.7, 317.78214
   104.8, 318.0878
   104.9, 318.39294
     105, 318.69755
   105.1, 319.00164
   105.2, 319.3052
   105.3, 319.60823
   105.4, 319.91074
   105.5, 320.21273
   105.6, 320.51419
   105.7, 320.81513
   105.8, 321.11555
   105.9, 321.41544
     106, 321.71481
   106.1, 322.01366
   106.2, 322.31199
   106.3, 322.60979
   106.4, 322.90708
   106.5, 323.20384
   106.6, 323.50008
   106.7, 323.79581
   106.8, 324.09101
   106.9, 324.38569
     107, 324.67986
   107.1, 324.9735
   107.2, 325.26663
   107.3, 325.55924
   107.4, 325.85134
   107.5, 326.14291
   107.6, 326.43397
   107.7, 326.72452
   107.8, 327.01454
   107.9, 327.30406
     108, 327.59306
   108.1, 327.88154
   108.2, 328.16951
   108.3, 328.45696
   108.4, 328.74391
   108.5, 329.03034
   108.6, 329.31626
   108.7, 329.60166
   108.8, 329.88656
   108.9, 330.17094
     109, 330.45482
   109.1, 330.73818
   109.2, 331.02103
   109.3, 331.30338
   109.4, 331.58522
   109.5, 331.86655
   109.6, 332.14737
   109.7, 332.42768
   109.8, 332.70749
   109.9, 332.98679
     110, 333.26559
   110.1, 333.54388
   110.2, 333.82166
   110.3, 334.09894
   110.4, 334.37572
   110.5,  334.652
   110.6, 334.92777
   110.7, 335.20304
   110.8, 335.47781
   110.9, 335.75208
     111, 336.02584
   111.1, 336.29911
   111.2, 336.57188
   111.3, 336.84414
   111.4, 337.11591
   111.5, 337.38718
   111.6, 337.65796
   111.7, 337.92824
   111.8, 338.19802
   111.9, 338.4673
     112, 338.73609
   112.1, 339.00439
   112.2, 339.27219
   112.3, 339.53949
   112.4, 339.80631
   112.5, 340.07263
   112.6, 340.33846
   112.7, 340.6038
   112.8, 340.86864
   112.9,  341.133
     113, 341.39687
   113.1, 341.66024
   113.2, 341.92313
   113.3, 342.18553
   113.4, 342.44745
   113.5, 342.70887
   113.6, 342.96982
   113.7, 343.23027
   113.8, 343.49024
   113.9, 343.74972
     114, 344.00873
   114.1, 344.26724
   114.2, 344.52528
   114.3, 344.78283
   114.4, 345.0399
   114.5, 345.29649
   114.6, 345.5526
   114.7, 345.80823
   114.8, 346.06338
   114.9, 346.31806
     115, 346.57225
   115.1, 346.82597
   115.2, 347.07921
   115.3, 347.33197
   115.4, 347.58426
   115.5, 347.83607
   115.6, 348.08741
   115.7, 348.33828
   115.8, 348.58867
   115.9, 348.83859
     116, 349.08804
   116.1, 349.33701
   116.2, 349.58552
   116.3, 349.83356
   116.4, 350.08112
   116.5, 350.32822
   116.6, 350.57485
   116.7, 350.82102
   116.8, 351.06671
   116.9, 351.31194
     117, 351.5567
   117.1,  351.801
   117.2, 352.04484
   117.3, 352.28821
   117.4, 352.53112
   117.5, 352.77356
   117.6, 353.01555
   117.7, 353.25707
   117.8, 353.49814
   117.9, 353.73874
     118, 353.97888
   118.1, 354.21857
   118.2, 354.4578
   118.3, 354.69657
   118.4, 354.93488
   118.5, 355.17274
   118.6, 355.41014
   118.7, 355.64709
   118.8, 355.88359
   118.9, 356.11963
     119, 356.35522
   119.1, 356.59035
   119.2, 356.82504
   119.3, 357.05927
   119.4, 357.29306
   119.5, 357.52639
   119.6, 357.75928
   119.7, 357.99172
   119.8, 358.22371
   119.9, 358.45526
     120, 358.68636
   120.1, 358.91701
   120.2, 359.14722
   120.3, 359.37699
   120.4, 359.60631
   120.5, 359.83519
   120.6, 360.06363
   120.7, 360.29163
   120.8, 360.51919
   120.9, 360.7463
     121, 360.97298
   121.1, 361.19922
   121.2, 361.42502
   121.3, 361.65039
   121.4, 361.87531
   121.5, 362.0998
   121.6, 362.32386
   121.7, 362.54748
   121.8, 362.77067
   121.9, 362.99343
     122, 363.21575
   122.1, 363.43764
   122.2, 363.6591
   122.3, 363.88013
   122.4, 364.10073
   122.5, 364.32091
   122.6, 364.54065
   122.7, 364.75996
   122.8, 364.97885
   122.9, 365.19732
     123, 365.41535
   123.1, 365.63296
   123.2, 365.85015
   123.3, 366.06692
   123.4, 366.28326
   123.5, 366.49918
   123.6, 366.71468
   123.7, 366.92975
   123.8, 367.14441
   123.9, 367.35865
     124, 367.57247
   124.1, 367.78587
   124.2, 367.99885
   124.3, 368.21142
   124.4, 368.42357
   124.5, 368.63531
   124.6, 368.84663
   124.7, 369.05754
   124.8, 369.26803
   124.9, 369.47812
     125, 369.68779
   125.1, 369.89705
   125.2, 370.1059
   125.3, 370.31433
   125.4, 370.52237
   125.5, 370.72999
   125.6, 370.9372
   125.7, 371.14401
   125.8, 371.35041
   125.9, 371.55641
     126,  371.762
   126.1, 371.96719
   126.2, 372.17197
   126.3, 372.37635
   126.4, 372.58033
   126.5, 372.78391
   126.6, 372.98708
   126.7, 373.18986
   126.8, 373.39224
   126.9, 373.59422
     127, 373.7958
   127.1, 373.99698
   127.2, 374.19777
   127.3, 374.39816
   127.4, 374.59816
   127.5, 374.79776
   127.6, 374.99697
   127.7, 375.19578
   127.8, 375.3942
   127.9, 375.59223
     128, 375.78987
   128.1, 375.98712
   128.2, 376.18398
   128.3, 376.38045
   128.4, 376.57654
   128.5, 376.77223
   128.6, 376.96754
   128.7, 377.16246
   128.8,  377.357
   128.9, 377.55115
     129, 377.74492
   129.1, 377.9383
   129.2, 378.13131
   129.3, 378.32393
   129.4, 378.51616
   129.5, 378.70802
   129.6, 378.8995
   129.7, 379.0906
   129.8, 379.28132
   129.9, 379.47166
     130, 379.66162
   130.1, 379.85121
   130.2, 380.04043
   130.3, 380.22926
   130.4, 380.41773
   130.5, 380.60581
   130.6, 380.79353
   130.7, 380.98087
   130.8, 381.16784
   130.9, 381.35445
     131, 381.54068
   131.1, 381.72654
   131.2, 381.91203
   131.3, 382.09715
   131.4, 382.28191
   131.5, 382.46629
   131.6, 382.65032
   131.7, 382.83397
   131.8, 383.01726
   131.9, 383.20019
     132, 383.38276
   132.1, 383.56496
   132.2, 383.74679
   132.3, 383.92827
   132.4, 384.10939
   132.5, 384.29014
   132.6, 384.47054
   132.7, 384.65058
   132.8, 384.83026
   132.9, 385.00958
     133, 385.18854
   133.1, 385.36715
   133.2, 385.54541
   133.3, 385.7233
   133.4, 385.90085
   133.5, 386.07804
   133.6, 386.25488
   133.7, 386.43136
   133.8, 386.6075
   133.9, 386.78328
     134, 386.95872
   134.1, 387.1338
   134.2, 387.30854
   134.3, 387.48292
   134.4, 387.65696
   134.5, 387.83066
   134.6,  388.004
   134.7,  388.177
   134.8, 388.34966
   134.9, 388.52197
     135, 388.69394
   135.1, 388.86557
   135.2, 389.03685
   135.3, 389.20779
   135.4, 389.37839
   135.5, 389.54865
   135.6, 389.71858
   135.7, 389.88816
   135.8, 390.0574
   135.9, 390.22631
     136, 390.39488
   136.1, 390.56311
   136.2, 390.73101
   136.3, 390.89857
   136.4, 391.0658
   136.5, 391.2327
   136.6, 391.39926
   136.7, 391.56549
   136.8, 391.73139
   136.9, 391.89695
     137, 392.06219
   137.1, 392.2271
   137.2, 392.39168
   137.3, 392.55592
   137.4, 392.71985
   137.5, 392.88344
   137.6, 393.04671
   137.7, 393.20965
   137.8, 393.37227
   137.9, 393.53456
     138, 393.69652
   138.1, 393.85817
   138.2, 394.01949
   138.3, 394.18049
   138.4, 394.34117
   138.5, 394.50153
   138.6, 394.66156
   138.7, 394.82128
   138.8, 394.98068
   138.9, 395.13976
     139, 395.29852
   139.1, 395.45697
   139.2, 395.6151
   139.3, 395.77291
   139.4, 395.93041
   139.5, 396.08759
   139.6, 396.24446
   139.7, 396.40102
   139.8, 396.55727
   139.9, 396.7132
     140, 396.86882
   140.1, 397.02413
   140.2, 397.17913
   140.3, 397.33382
   140.4, 397.4882
   140.5, 397.64228
   140.6, 397.79604
   140.7, 397.9495
   140.8, 398.10265
   140.9, 398.2555
     141, 398.40804
   141.1, 398.56028
   141.2, 398.71221
   141.3, 398.86384
   141.4, 399.01517
   141.5, 399.1662
   141.6, 399.31692
   141.7, 399.46734
   141.8, 399.61746
   141.9, 399.76729
     142, 399.91681
   142.1, 400.06604
   142.2, 400.21496
   142.3, 400.36359
   142.4, 400.51193
   142.5, 400.65997
   142.6, 400.80771
   142.7, 400.95515
   142.8, 401.10231
   142.9, 401.24917
     143, 401.39573
   143.1, 401.54201
   143.2, 401.68799
   143.3, 401.83368
   143.4, 401.97908
   143.5, 402.12419
   143.6, 402.26901
   143.7, 402.41354
   143.8, 402.55779
   143.9, 402.70174
     144, 402.84541
   144.1, 402.9888
   144.2, 403.13189
   144.3, 403.2747
   144.4, 403.41723
   144.5, 403.55947
   144.6, 403.70143
   144.7, 403.84311
   144.8, 403.9845
   144.9, 404.12561
     145, 404.26644
   145.1, 404.40699
   145.2, 404.54726
   145.3, 404.68725
   145.4, 404.82696
   145.5, 404.96639
   145.6, 405.10555
   145.7, 405.24443
   145.8, 405.38303
   145.9, 405.52135
     146, 405.6594
   146.1, 405.79717
   146.2, 405.93467
   146.3, 406.0719
   146.4, 406.20885
   146.5, 406.34553
   146.6, 406.48194
   146.7, 406.61808
   146.8, 406.75395
   146.9, 406.88954
     147, 407.02487
   147.1, 407.15992
   147.2, 407.29471
   147.3, 407.42923
   147.4, 407.56348
   147.5, 407.69747
   147.6, 407.83119
   147.7, 407.96464
   147.8, 408.09782
   147.9, 408.23075
     148, 408.3634
   148.1, 408.4958
   148.2, 408.62793
   148.3, 408.7598
   148.4, 408.8914
   148.5, 409.02275
   148.6, 409.15383
   148.7, 409.28466
   148.8, 409.41522
   148.9, 409.54552
     149, 409.67557
   149.1, 409.80536
   149.2, 409.93489
   149.3, 410.06416
   149.4, 410.19317
   149.5, 410.32193
   149.6, 410.45044
   149.7, 410.57869
   149.8, 410.70668
   149.9, 410.83442
     150, 410.96191
   150.1, 411.08914
   150.2, 411.21612
   150.3, 411.34285
   150.4, 411.46933
   150.5, 411.59556
   150.6, 411.72154
   150.7, 411.84727
   150.8, 411.97275
   150.9, 412.09798
     151, 412.22296
   151.1, 412.34769
   151.2, 412.47218
   151.3, 412.59642
   151.4, 412.72041
   151.5, 412.84416
   151.6, 412.96767
   151.7, 413.09093
   151.8, 413.21394
   151.9, 413.33671
     152, 413.45924
   152.1, 413.58153
   152.2, 413.70358
   152.3, 413.82538
   152.4, 413.94694
   152.5, 414.06826
   152.6, 414.18935
   152.7, 414.31019
   152.8, 414.43079
   152.9, 414.55116
     153, 414.67129
   153.1, 414.79118
   153.2, 414.91083
   153.3, 415.03025
   153.4, 415.14943
   153.5, 415.26837
   153.6, 415.38709
   153.7, 415.50556
   153.8, 415.62381
   153.9, 415.74182
     154, 415.85959
   154.1, 415.97714
   154.2, 416.09445
   154.3, 416.21153
   154.4, 416.32838
   154.5,  416.445
   154.6, 416.56139
   154.7, 416.67755
   154.8, 416.79348
   154.9, 416.90919
     155, 417.02466
   155.1, 417.13991
   155.2, 417.25493
   155.3, 417.36972
   155.4, 417.48429
   155.5, 417.59863
   155.6, 417.71275
   155.7, 417.82665
   155.8, 417.94031
   155.9, 418.05376
     156, 418.16698
   156.1, 418.27998
   156.2, 418.39276
   156.3, 418.50531
   156.4, 418.61765
   156.5, 418.72976
   156.6, 418.84166
   156.7, 418.95333
   156.8, 419.06478
   156.9, 419.17602
     157, 419.28704
   157.1, 419.39783
   157.2, 419.50842
   157.3, 419.61878
   157.4, 419.72893
   157.5, 419.83886
   157.6, 419.94858
   157.7, 420.05808
   157.8, 420.16736
   157.9, 420.27644
     158, 420.38529
   158.1, 420.49394
   158.2, 420.60237
   158.3, 420.71059
   158.4, 420.8186
   158.5, 420.92639
   158.6, 421.03398
   158.7, 421.14135
   158.8, 421.24852
   158.9, 421.35547
     159, 421.46222
   159.1, 421.56875
   159.2, 421.67508
   159.3, 421.7812
   159.4, 421.88711
   159.5, 421.99282
   159.6, 422.09832
   159.7, 422.20361
   159.8, 422.3087
   159.9, 422.41358
     160, 422.51826
   160.1, 422.62273
   160.2,  422.727
   160.3, 422.83106
   160.4, 422.93493
   160.5, 423.03859
   160.6, 423.14204
   160.7, 423.2453
   160.8, 423.34835
   160.9, 423.45121
     161, 423.55386
   161.1, 423.65631
   161.2, 423.75857
   161.3, 423.86062
   161.4, 423.96248
   161.5, 424.06413
   161.6, 424.16559
   161.7, 424.26686
   161.8, 424.36792
   161.9, 424.46879
     162, 424.56946
   162.1, 424.66994
   162.2, 424.77022
   162.3, 424.8703
   162.4, 424.97019
   162.5, 425.06989
   162.6, 425.1694
   162.7, 425.26871
   162.8, 425.36782
   162.9, 425.46675
     163, 425.56548
   163.1, 425.66402
   163.2, 425.76237
   163.3, 425.86053
   163.4, 425.9585
   163.5, 426.05628
   163.6, 426.15387
   163.7, 426.25127
   163.8, 426.34848
   163.9, 426.44551
     164, 426.54234
   164.1, 426.63899
   164.2, 426.73545
   164.3, 426.83173
   164.4, 426.92781
   164.5, 427.02371
   164.6, 427.11943
   164.7, 427.21496
   164.8, 427.31031
   164.9, 427.40547
     165, 427.50045
   165.1, 427.59525
   165.2, 427.68986
   165.3, 427.78429
   165.4, 427.87853
   165.5, 427.9726
   165.6, 428.06648
   165.7, 428.16018
   165.8, 428.2537
   165.9, 428.34704
     166, 428.44021
   166.1, 428.53319
   166.2, 428.62599
   166.3, 428.71861
   166.4, 428.81106
   166.5, 428.90332
   166.6, 428.99541
   166.7, 429.08733
   166.8, 429.17906
   166.9, 429.27062
     167,  429.362
   167.1, 429.45321
   167.2, 429.54424
   167.3, 429.63509
   167.4, 429.72578
   167.5, 429.81628
   167.6, 429.90662
   167.7, 429.99678
   167.8, 430.08676
   167.9, 430.17658
     168, 430.26622
   168.1, 430.35569
   168.2, 430.44498
   168.3, 430.53411
   168.4, 430.62307
   168.5, 430.71185
   168.6, 430.80047
   168.7, 430.88891
   168.8, 430.97719
   168.9, 431.06529
     169, 431.15323
   169.1,  431.241
   169.2, 431.3286
   169.3, 431.41604
   169.4, 431.5033
   169.5, 431.5904
   169.6, 431.67734
   169.7, 431.7641
   169.8, 431.85071
   169.9, 431.93714
     170, 432.02341
   170.1, 432.10952
   170.2, 432.19546
   170.3, 432.28124
   170.4, 432.36685
   170.5, 432.4523
   170.6, 432.53759
   170.7, 432.62271
   170.8, 432.70767
   170.9, 432.79248
     171, 432.87711
   171.1, 432.96159
   171.2, 433.04591
   171.3, 433.13006
   171.4, 433.21406
   171.5, 433.2979
   171.6, 433.38157
   171.7, 433.46509
   171.8, 433.54845
   171.9, 433.63165
     172, 433.71469
   172.1, 433.79758
   172.2, 433.8803
   172.3, 433.96287
   172.4, 434.04529
   172.5, 434.12754
   172.6, 434.20964
   172.7, 434.29159
   172.8, 434.37338
   172.9, 434.45501
     173, 434.53649
   173.1, 434.61781
   173.2, 434.69898
   173.3,   434.78
   173.4, 434.86086
   173.5, 434.94158
   173.6, 435.02213
   173.7, 435.10254
   173.8, 435.18279
   173.9, 435.26289
     174, 435.34284
   174.1, 435.42264
   174.2, 435.50229
   174.3, 435.58178
   174.4, 435.66113
   174.5, 435.74033
   174.6, 435.81938
   174.7, 435.89828
   174.8, 435.97702
   174.9, 436.05563
     175, 436.13408
   175.1, 436.21238
   175.2, 436.29054
   175.3, 436.36855
   175.4, 436.44641
   175.5, 436.52413
   175.6, 436.6017
   175.7, 436.67912
   175.8, 436.7564
   175.9, 436.83353
     176, 436.91052
   176.1, 436.98736
   176.2, 437.06406
   176.3, 437.14062
   176.4, 437.21703
   176.5, 437.29329
   176.6, 437.36942
   176.7, 437.4454
   176.8, 437.52124
   176.9, 437.59693
     177, 437.67249
   177.1, 437.7479
   177.2, 437.82317
   177.3, 437.8983
   177.4, 437.97329
   177.5, 438.04813
   177.6, 438.12284
   177.7, 438.19741
   177.8, 438.27184
   177.9, 438.34613
     178, 438.42028
   178.1, 438.49429
   178.2, 438.56816
   178.3, 438.6419
   178.4, 438.71549
   178.5, 438.78895
   178.6, 438.86228
   178.7, 438.93546
   178.8, 439.00851
   178.9, 439.08142
     179, 439.1542
   179.1, 439.22684
   179.2, 439.29935
   179.3, 439.37172
   179.4, 439.44395
   179.5, 439.51605
   179.6, 439.58802
   179.7, 439.65985
   179.8, 439.73155
   179.9, 439.80311
     180, 439.87455
   180.1, 439.94584
   180.2, 440.01701
   180.3, 440.08804
   180.4, 440.15895
   180.5, 440.22972
   180.6, 440.30036
   180.7, 440.37086
   180.8, 440.44124
   180.9, 440.51149
     181, 440.5816
   181.1, 440.65159
   181.2, 440.72144
   181.3, 440.79117
   181.4, 440.86077
   181.5, 440.93024
   181.6, 440.99958
   181.7, 441.06879
   181.8, 441.13787
   181.9, 441.20682
     182, 441.27565
   182.1, 441.34435
   182.2, 441.41293
   182.3, 441.48137
   182.4, 441.54969
   182.5, 441.61789
   182.6, 441.68595
   182.7, 441.7539
   182.8, 441.82171
   182.9, 441.8894
     183, 441.95697
   183.1, 442.02441
   183.2, 442.09173
   183.3, 442.15892
   183.4, 442.22599
   183.5, 442.29294
   183.6, 442.35976
   183.7, 442.42646
   183.8, 442.49304
   183.9, 442.55949
     184, 442.62582
   184.1, 442.69203
   184.2, 442.75812
   184.3, 442.82409
   184.4, 442.88994
   184.5, 442.95566
   184.6, 443.02126
   184.7, 443.08675
   184.8, 443.15211
   184.9, 443.21735
     185, 443.28248
   185.1, 443.34748
   185.2, 443.41237
   185.3, 443.47713
   185.4, 443.54178
   185.5, 443.60631
   185.6, 443.67072
   185.7, 443.73501
   185.8, 443.79919
   185.9, 443.86325
     186, 443.92719
   186.1, 443.99101
   186.2, 444.05472
   186.3, 444.11831
   186.4, 444.18178
   186.5, 444.24514
   186.6, 444.30839
   186.7, 444.37151
   186.8, 444.43453
   186.9, 444.49742
     187, 444.56021
   187.1, 444.62287
   187.2, 444.68543
   187.3, 444.74787
   187.4, 444.81019
   187.5, 444.87241
   187.6, 444.93451
   187.7, 444.99649
   187.8, 445.05837
   187.9, 445.12013
     188, 445.18178
   188.1, 445.24331
   188.2, 445.30474
   188.3, 445.36605
   188.4, 445.42725
   188.5, 445.48834
   188.6, 445.54932
   188.7, 445.61019
   188.8, 445.67095
   188.9, 445.7316
     189, 445.79214
   189.1, 445.85257
   189.2, 445.91289
   189.3, 445.9731
   189.4, 446.0332
   189.5, 446.09319
   189.6, 446.15308
   189.7, 446.21285
   189.8, 446.27252
   189.9, 446.33208
     190, 446.39153
   190.1, 446.45087
   190.2, 446.51011
   190.3, 446.56924
   190.4, 446.62826
   190.5, 446.68718
   190.6, 446.74599
   190.7, 446.8047
   190.8, 446.8633
   190.9, 446.92179
     191, 446.98018
   191.1, 447.03846
   191.2, 447.09664
   191.3, 447.15471
   191.4, 447.21268
   191.5, 447.27054
   191.6, 447.3283
   191.7, 447.38596
   191.8, 447.44351
   191.9, 447.50096
     192, 447.5583
   192.1, 447.61555
   192.2, 447.67269
   192.3, 447.72972
   192.4, 447.78666
   192.5, 447.84349
   192.6, 447.90022
   192.7, 447.95685
   192.8, 448.01338
   192.9, 448.06981
     193, 448.12613
   193.1, 448.18236
   193.2, 448.23848
   193.3, 448.2945
   193.4, 448.35043
   193.5, 448.40625
   193.6, 448.46197
   193.7, 448.5176
   193.8, 448.57312
   193.9, 448.62855
     194, 448.68387
   194.1, 448.7391
   194.2, 448.79423
   194.3, 448.84926
   194.4, 448.90419
   194.5, 448.95903
   194.6, 449.01376
   194.7, 449.0684
   194.8, 449.12294
   194.9, 449.17739
     195, 449.23174
   195.1, 449.28599
   195.2, 449.34014
   195.3, 449.3942
   195.4, 449.44816
   195.5, 449.50203
   195.6, 449.5558
   195.7, 449.60947
   195.8, 449.66305
   195.9, 449.71654
     196, 449.76993
   196.1, 449.82322
   196.2, 449.87642
   196.3, 449.92953
   196.4, 449.98254
   196.5, 450.03546
   196.6, 450.08828
   196.7, 450.14101
   196.8, 450.19365
   196.9, 450.24619
     197, 450.29864
   197.1,  450.351
   197.2, 450.40327
   197.3, 450.45544
   197.4, 450.50752
   197.5, 450.55951
   197.6, 450.61141
   197.7, 450.66321
   197.8, 450.71493
   197.9, 450.76655
     198, 450.81808
   198.1, 450.86953
   198.2, 450.92088
   198.3, 450.97214
   198.4, 451.02331
   198.5, 451.07438
   198.6, 451.12537
   198.7, 451.17627
   198.8, 451.22708
   198.9, 451.27781
     199, 451.32844
   199.1, 451.37898
   199.2, 451.42943
   199.3, 451.4798
   199.4, 451.53008
   199.5, 451.58027
   199.6, 451.63037
   199.7, 451.68038
   199.8, 451.7303
   199.9, 451.78014
     200, 451.82989
   200.1, 451.87955
   200.2, 451.92913
   200.3, 451.97862
   200.4, 452.02802
   200.5, 452.07734
   200.6, 452.12657
   200.7, 452.17571
   200.8, 452.22477
   200.9, 452.27374
     201, 452.32263
   201.1, 452.37143
   201.2, 452.42014
   201.3, 452.46877
   201.4, 452.51732
   201.5, 452.56578
   201.6, 452.61416
   201.7, 452.66245
   201.8, 452.71066
   201.9, 452.75878
     202, 452.80682
   202.1, 452.85478
   202.2, 452.90265
   202.3, 452.95044
   202.4, 452.99815
   202.5, 453.04577
   202.6, 453.09331
   202.7, 453.14077
   202.8, 453.18815
   202.9, 453.23544
     203, 453.28265
   203.1, 453.32978
   203.2, 453.37683
   203.3, 453.4238
   203.4, 453.47068
   203.5, 453.51748
   203.6, 453.56421
   203.7, 453.61085
   203.8, 453.65741
   203.9, 453.70389
     204, 453.75029
   204.1, 453.79661
   204.2, 453.84285
   204.3, 453.88901
   204.4, 453.93509
   204.5, 453.98109
   204.6, 454.02701
   204.7, 454.07285
   204.8, 454.11861
   204.9, 454.16429
     205, 454.2099
   205.1, 454.25542
   205.2, 454.30087
   205.3, 454.34624
   205.4, 454.39153
   205.5, 454.43674
   205.6, 454.48187
   205.7, 454.52693
   205.8, 454.57191
   205.9, 454.61681
     206, 454.66164
   206.1, 454.70638
   206.2, 454.75105
   206.3, 454.79565
   206.4, 454.84017
   206.5, 454.88461
   206.6, 454.92897
   206.7, 454.97326
   206.8, 455.01747
   206.9, 455.06161
     207, 455.10567
   207.1, 455.14966
   207.2, 455.19357
   207.3, 455.2374
   207.4, 455.28116
   207.5, 455.32485
   207.6, 455.36846
   207.7, 455.41199
   207.8, 455.45545
   207.9, 455.49884
     208, 455.54215
   208.1, 455.58539
   208.2, 455.62856
   208.3, 455.67165
   208.4, 455.71467
   208.5, 455.75761
   208.6, 455.80048
   208.7, 455.84328
   208.8,  455.886
   208.9, 455.92866
     209, 455.97124
   209.1, 456.01374
   209.2, 456.05618
   209.3, 456.09854
   209.4, 456.14083
   209.5, 456.18305
   209.6, 456.2252
   209.7, 456.26727
   209.8, 456.30928
   209.9, 456.35121
     210, 456.39307
   210.1, 456.43486
   210.2, 456.47658
   210.3, 456.51823
   210.4, 456.5598
   210.5, 456.60131
   210.6, 456.64275
   210.7, 456.68412
   210.8, 456.72541
   210.9, 456.76664
     211, 456.8078
   211.1, 456.84888
   211.2, 456.8899
   211.3, 456.93085
   211.4, 456.97173
   211.5, 457.01254
   211.6, 457.05328
   211.7, 457.09395
   211.8, 457.13456
   211.9, 457.17509
     212, 457.21556
   212.1, 457.25596
   212.2, 457.29629
   212.3, 457.33655
   212.4, 457.37675
   212.5, 457.41687
   212.6, 457.45693
   212.7, 457.49692
   212.8, 457.53685
   212.9, 457.57671
     213, 457.6165
   213.1, 457.65622
   213.2, 457.69588
   213.3, 457.73547
   213.4, 457.77499
   213.5, 457.81445
   213.6, 457.85384
   213.7, 457.89317
   213.8, 457.93243
   213.9, 457.97162
     214, 458.01075
   214.1, 458.04981
   214.2, 458.08881
   214.3, 458.12774
   214.4, 458.1666
   214.5, 458.2054
   214.6, 458.24414
   214.7, 458.28281
   214.8, 458.32142
   214.9, 458.35996
     215, 458.39844
   215.1, 458.43685
   215.2, 458.4752
   215.3, 458.51349
   215.4, 458.55171
   215.5, 458.58987
   215.6, 458.62796
   215.7, 458.66599
   215.8, 458.70396
   215.9, 458.74186
     216, 458.77971
   216.1, 458.81748
   216.2, 458.8552
   216.3, 458.89285
   216.4, 458.93044
   216.5, 458.96797
   216.6, 459.00543
   216.7, 459.04284
   216.8, 459.08018
   216.9, 459.11745
     217, 459.15467
   217.1, 459.19183
   217.2, 459.22892
   217.3, 459.26595
   217.4, 459.30292
   217.5, 459.33983
   217.6, 459.37668
   217.7, 459.41347
   217.8, 459.45019
   217.9, 459.48686
     218, 459.52346
   218.1,   459.56
   218.2, 459.59649
   218.3, 459.63291
   218.4, 459.66927
   218.5, 459.70558
   218.6, 459.74182
   218.7,  459.778
   218.8, 459.81413
   218.9, 459.85019
     219, 459.8862
   219.1, 459.92214
   219.2, 459.95803
   219.3, 459.99385
   219.4, 460.02962
   219.5, 460.06533
   219.6, 460.10098
   219.7, 460.13657
   219.8, 460.1721
   219.9, 460.20758
     220,  460.243
   220.1, 460.27835
   220.2, 460.31365
   220.3, 460.34889
   220.4, 460.38408
   220.5, 460.4192
   220.6, 460.45427
   220.7, 460.48928
   220.8, 460.52424
   220.9, 460.55913
     221, 460.59397
   221.1, 460.62876
   221.2, 460.66348
   221.3, 460.69815
   221.4, 460.73276
   221.5, 460.76732
   221.6, 460.80181
   221.7, 460.83626
   221.8, 460.87064
   221.9, 460.90497
     222, 460.93925
   222.1, 460.97346
   222.2, 461.00763
   222.3, 461.04173
   222.4, 461.07578
   222.5, 461.10978
   222.6, 461.14372
   222.7, 461.1776
   222.8, 461.21143
   222.9, 461.2452
     223, 461.27892
   223.1, 461.31259
   223.2, 461.3462
   223.3, 461.37975
   223.4, 461.41325
   223.5, 461.4467
   223.6, 461.48009
   223.7, 461.51342
   223.8, 461.54671
   223.9, 461.57994
     224, 461.61311
   224.1, 461.64623
   224.2, 461.6793
   224.3, 461.71231
   224.4, 461.74527
   224.5, 461.77818
   224.6, 461.81103
   224.7, 461.84383
   224.8, 461.87658
   224.9, 461.90928
     225, 461.94192
   225.1, 461.97451
   225.2, 462.00704
   225.3, 462.03953
   225.4, 462.07196
   225.5, 462.10434
   225.6, 462.13666
   225.7, 462.16894
   225.8, 462.20116
   225.9, 462.23333
     226, 462.26545
   226.1, 462.29751
   226.2, 462.32953
   226.3, 462.36149
   226.4, 462.3934
   226.5, 462.42526
   226.6, 462.45707
   226.7, 462.48883
   226.8, 462.52054
   226.9, 462.5522
     227, 462.5838
   227.1, 462.61536
   227.2, 462.64686
   227.3, 462.67831
   227.4, 462.70971
   227.5, 462.74107
   227.6, 462.77237
   227.7, 462.80362
   227.8, 462.83482
   227.9, 462.86598
     228, 462.89708
   228.1, 462.92813
   228.2, 462.95913
   228.3, 462.99008
   228.4, 463.02099
   228.5, 463.05184
   228.6, 463.08265
   228.7, 463.1134
   228.8, 463.14411
   228.9, 463.17477
     229, 463.20537
   229.1, 463.23593
   229.2, 463.26644
   229.3, 463.29691
   229.4, 463.32732
   229.5, 463.35768
   229.6,  463.388
   229.7, 463.41827
   229.8, 463.44849
   229.9, 463.47866
     230, 463.50879
   230.1, 463.53886
   230.2, 463.56889
   230.3, 463.59887
   230.4, 463.6288
   230.5, 463.65869
   230.6, 463.68853
   230.7, 463.71832
   230.8, 463.74806
   230.9, 463.77776
     231, 463.80741
   231.1, 463.83701
   231.2, 463.86656
   231.3, 463.89607
   231.4, 463.92553
   231.5, 463.95495
   231.6, 463.98431
   231.7, 464.01364
   231.8, 464.04291
   231.9, 464.07214
     232, 464.10132
   232.1, 464.13046
   232.2, 464.15955
   232.3, 464.1886
   232.4, 464.21759
   232.5, 464.24655
   232.6, 464.27546
   232.7, 464.30432
   232.8, 464.33313
   232.9, 464.3619
     233, 464.39063
   233.1, 464.41931
   233.2, 464.44795
   233.3, 464.47654
   233.4, 464.50508
   233.5, 464.53358
   233.6, 464.56204
   233.7, 464.59045
   233.8, 464.61881
   233.9, 464.64713
     234, 464.67541
   234.1, 464.70364
   234.2, 464.73183
   234.3, 464.75998
   234.4, 464.78808
   234.5, 464.81613
   234.6, 464.84414
   234.7, 464.87211
   234.8, 464.90004
   234.9, 464.92792
     235, 464.95575
   235.1, 464.98355
   235.2, 465.0113
   235.3,  465.039
   235.4, 465.06667
   235.5, 465.09428
   235.6, 465.12186
   235.7, 465.1494
   235.8, 465.17689
   235.9, 465.20433
     236, 465.23174
   236.1, 465.2591
   236.2, 465.28642
   236.3, 465.3137
   236.4, 465.34093
   236.5, 465.36812
   236.6, 465.39527
   236.7, 465.42238
   236.8, 465.44944
   236.9, 465.47647
     237, 465.50345
   237.1, 465.53039
   237.2, 465.55728
   237.3, 465.58414
   237.4, 465.61095
   237.5, 465.63772
   237.6, 465.66445
   237.7, 465.69114
   237.8, 465.71779
   237.9, 465.7444
     238, 465.77096
   238.1, 465.79749
   238.2, 465.82397
   238.3, 465.85041
   238.4, 465.87681
   238.5, 465.90317
   238.6, 465.92949
   238.7, 465.95577
   238.8,  465.982
   238.9, 466.0082
     239, 466.03436
   239.1, 466.06047
   239.2, 466.08655
   239.3, 466.11259
   239.4, 466.13858
   239.5, 466.16454
   239.6, 466.19045
   239.7, 466.21633
   239.8, 466.24216
   239.9, 466.26796
     240, 466.29371
   240.1, 466.31943
   240.2, 466.34511
   240.3, 466.37074
   240.4, 466.39634
   240.5, 466.4219
   240.6, 466.44742
   240.7, 466.4729
   240.8, 466.49834
   240.9, 466.52374
     241, 466.5491
   241.1, 466.57443
   241.2, 466.59971
   241.3, 466.62496
   241.4, 466.65017
   241.5, 466.67533
   241.6, 466.70046
   241.7, 466.72556
   241.8, 466.75061
   241.9, 466.77562
     242, 466.8006
   242.1, 466.82554
   242.2, 466.85044
   242.3, 466.8753
   242.4, 466.90013
   242.5, 466.92491
   242.6, 466.94966
   242.7, 466.97437
   242.8, 466.99904
   242.9, 467.02368
     243, 467.04828
   243.1, 467.07284
   243.2, 467.09736
   243.3, 467.12184
   243.4, 467.14629
   243.5, 467.1707
   243.6, 467.19508
   243.7, 467.21941
   243.8, 467.24371
   243.9, 467.26798
     244, 467.2922
   244.1, 467.31639
   244.2, 467.34054
   244.3, 467.36466
   244.4, 467.38874
   244.5, 467.41278
   244.6, 467.43678
   244.7, 467.46075
   244.8, 467.48469
   244.9, 467.50858
     245, 467.53244
   245.1, 467.55627
   245.2, 467.58005
   245.3, 467.60381
   245.4, 467.62752
   245.5, 467.6512
   245.6, 467.67485
   245.7, 467.69846
   245.8, 467.72203
   245.9, 467.74557
     246, 467.76907
   246.1, 467.79253
   246.2, 467.81597
   246.3, 467.83936
   246.4, 467.86272
   246.5, 467.88605
   246.6, 467.90934
   246.7, 467.93259
   246.8, 467.95581
   246.9,  467.979
     247, 468.00215
   247.1, 468.02526
   247.2, 468.04834
   247.3, 468.07139
   247.4, 468.0944
   247.5, 468.11737
   247.6, 468.14031
   247.7, 468.16322
   247.8, 468.18609
   247.9, 468.20893
     248, 468.23174
   248.1, 468.25451
   248.2, 468.27724
   248.3, 468.29994
   248.4, 468.32261
   248.5, 468.34525
   248.6, 468.36784
   248.7, 468.39041
   248.8, 468.41294
   248.9, 468.43544
     249, 468.45791
   249.1, 468.48034
   249.2, 468.50273
   249.3, 468.5251
   249.4, 468.54743
   249.5, 468.56973
   249.6, 468.59199
   249.7, 468.61422
   249.8, 468.63642
   249.9, 468.65858
     250, 468.68071
   250.1, 468.70281
   250.2, 468.72488
   250.3, 468.74691
   250.4, 468.76891
   250.5, 468.79088
   250.6, 468.81281
   250.7, 468.83471
   250.8, 468.85658
   250.9, 468.87842
     251, 468.90022
   251.1,  468.922
   251.2, 468.94373
   251.3, 468.96544
   251.4, 468.98712
   251.5, 469.00876
   251.6, 469.03037
   251.7, 469.05195
   251.8, 469.07349
   251.9, 469.09501
     252, 469.11649
   252.1, 469.13794
   252.2, 469.15936
   252.3, 469.18075
   252.4, 469.2021
   252.5, 469.22343
   252.6, 469.24472
   252.7, 469.26598
   252.8, 469.28721
   252.9, 469.30841
     253, 469.32958
   253.1, 469.35071
   253.2, 469.37182
   253.3, 469.39289
   253.4, 469.41393
   253.5, 469.43494
   253.6, 469.45592
   253.7, 469.47687
   253.8, 469.49779
   253.9, 469.51868
     254, 469.53954
   254.1, 469.56036
   254.2, 469.58116
   254.3, 469.60192
   254.4, 469.62266
   254.5, 469.64336
   254.6, 469.66404
   254.7, 469.68468
   254.8, 469.70529
   254.9, 469.72587
     255, 469.74643
   255.1, 469.76695
   255.2, 469.78744
   255.3, 469.8079
   255.4, 469.82833
   255.5, 469.84874
   255.6, 469.86911
   255.7, 469.88945
   255.8, 469.90976
   255.9, 469.93005
     256, 469.9503
   256.1, 469.97052
   256.2, 469.99072
   256.3, 470.01088
   256.4, 470.03102
   256.5, 470.05112
   256.6, 470.0712
   256.7, 470.09124
   256.8, 470.11126
   256.9, 470.13125
     257, 470.15121
   257.1, 470.17114
   257.2, 470.19104
   257.3, 470.21091
   257.4, 470.23076
   257.5, 470.25057
   257.6, 470.27036
   257.7, 470.29011
   257.8, 470.30984
   257.9, 470.32954
     258, 470.34921
   258.1, 470.36885
   258.2, 470.38847
   258.3, 470.40805
   258.4, 470.42761
   258.5, 470.44713
   258.6, 470.46663
   258.7, 470.48611
   258.8, 470.50555
   258.9, 470.52496
     259, 470.54435
   259.1, 470.56371
   259.2, 470.58304
   259.3, 470.60234
   259.4, 470.62162
   259.5, 470.64087
   259.6, 470.66008
   259.7, 470.67928
   259.8, 470.69844
   259.9, 470.71758
     260, 470.73668
   260.1, 470.75576
   260.2, 470.77482
   260.3, 470.79384
   260.4, 470.81284
   260.5, 470.83181
   260.6, 470.85075
   260.7, 470.86967
   260.8, 470.88856
   260.9, 470.90742
     261, 470.92626
   261.1, 470.94506
   261.2, 470.96384
   261.3, 470.9826
   261.4, 471.00132
   261.5, 471.02002
   261.6, 471.03869
   261.7, 471.05734
   261.8, 471.07596
   261.9, 471.09455
     262, 471.11312
   262.1, 471.13166
   262.2, 471.15017
   262.3, 471.16865
   262.4, 471.18711
   262.5, 471.20554
   262.6, 471.22395
   262.7, 471.24233
   262.8, 471.26068
   262.9, 471.27901
     263, 471.29731
   263.1, 471.31559
   263.2, 471.33384
   263.3, 471.35206
   263.4, 471.37026
   263.5, 471.38843
   263.6, 471.40657
   263.7, 471.42469
   263.8, 471.44278
   263.9, 471.46085
     264, 471.47889
   264.1, 471.49691
   264.2, 471.5149
   264.3, 471.53286
   264.4, 471.5508
   264.5, 471.56871
   264.6, 471.5866
   264.7, 471.60446
   264.8, 471.6223
   264.9, 471.64011
     265, 471.65789
   265.1, 471.67566
   265.2, 471.69339
   265.3, 471.7111
   265.4, 471.72879
   265.5, 471.74645
   265.6, 471.76408
   265.7, 471.78169
   265.8, 471.79928
   265.9, 471.81684
     266, 471.83437
   266.1, 471.85188
   266.2, 471.86937
   266.3, 471.88683
   266.4, 471.90426
   266.5, 471.92167
   266.6, 471.93906
   266.7, 471.95642
   266.8, 471.97376
   266.9, 471.99107
     267, 472.00836
   267.1, 472.02563
   267.2, 472.04287
   267.3, 472.06008
   267.4, 472.07727
   267.5, 472.09444
   267.6, 472.11158
   267.7, 472.1287
   267.8, 472.14579
   267.9, 472.16286
     268, 472.17991
   268.1, 472.19693
   268.2, 472.21393
   268.3, 472.2309
   268.4, 472.24785
   268.5, 472.26478
   268.6, 472.28168
   268.7, 472.29856
   268.8, 472.31542
   268.9, 472.33225
     269, 472.34906
   269.1, 472.36584
   269.2, 472.3826
   269.3, 472.39934
   269.4, 472.41605
   269.5, 472.43274
   269.6, 472.44941
   269.7, 472.46605
   269.8, 472.48267
   269.9, 472.49927
     270, 472.51584
   270.1, 472.53239
   270.2, 472.54892
   270.3, 472.56543
   270.4, 472.58191
   270.5, 472.59836
   270.6, 472.6148
   270.7, 472.63121
   270.8, 472.6476
   270.9, 472.66397
     271, 472.68031
   271.1, 472.69663
   271.2, 472.71293
   271.3, 472.7292
   271.4, 472.74546
   271.5, 472.76169
   271.6, 472.77789
   271.7, 472.79408
   271.8, 472.81024
   271.9, 472.82638
     272, 472.8425
   272.1, 472.85859
   272.2, 472.87467
   272.3, 472.89072
   272.4, 472.90674
   272.5, 472.92275
   272.6, 472.93873
   272.7, 472.95469
   272.8, 472.97063
   272.9, 472.98655
     273, 473.00244
   273.1, 473.01832
   273.2, 473.03417
   273.3, 473.04999
   273.4, 473.0658
   273.5, 473.08159
   273.6, 473.09735
   273.7, 473.11309
   273.8, 473.12881
   273.9, 473.14451
     274, 473.16018
   274.1, 473.17584
   274.2, 473.19147
   274.3, 473.20708
   274.4, 473.22267
   274.5, 473.23824
   274.6, 473.25379
   274.7, 473.26931
   274.8, 473.28481
   274.9, 473.3003
     275, 473.31576
   275.1, 473.3312
   275.2, 473.34662
   275.3, 473.36201
   275.4, 473.37739
   275.5, 473.39274
   275.6, 473.40808
   275.7, 473.42339
   275.8, 473.43868
   275.9, 473.45395
     276, 473.4692
   276.1, 473.48443
   276.2, 473.49964
   276.3, 473.51482
   276.4, 473.52999
   276.5, 473.54513
   276.6, 473.56026
   276.7, 473.57536
   276.8, 473.59044
   276.9, 473.60551
     277, 473.62055
   277.1, 473.63557
   277.2, 473.65057
   277.3, 473.66555
   277.4, 473.68051
   277.5, 473.69545
   277.6, 473.71037
   277.7, 473.72526
   277.8, 473.74014
   277.9,  473.755
     278, 473.76984
   278.1, 473.78465
   278.2, 473.79945
   278.3, 473.81422
   278.4, 473.82898
   278.5, 473.84372
   278.6, 473.85843
   278.7, 473.87313
   278.8, 473.8878
   278.9, 473.90246
     279, 473.9171
   279.1, 473.93171
   279.2, 473.94631
   279.3, 473.96088
   279.4, 473.97544
   279.5, 473.98998
   279.6, 474.00449
   279.7, 474.01899
   279.8, 474.03347
   279.9, 474.04793
     280, 474.06237
   280.1, 474.07678
   280.2, 474.09118
   280.3, 474.10556
   280.4, 474.11992
   280.5, 474.13426
   280.6, 474.14858
   280.7, 474.16289
   280.8, 474.17717
   280.9, 474.19143
     281, 474.20567
   281.1, 474.2199
   281.2, 474.2341
   281.3, 474.24829
   281.4, 474.26246
   281.5, 474.2766
   281.6, 474.29073
   281.7, 474.30484
   281.8, 474.31893
   281.9,  474.333
     282, 474.34706
   282.1, 474.36109
   282.2, 474.3751
   282.3, 474.3891
   282.4, 474.40308
   282.5, 474.41704
   282.6, 474.43097
   282.7, 474.44489
   282.8, 474.4588
   282.9, 474.47268
     283, 474.48654
   283.1, 474.50039
   283.2, 474.51422
   283.3, 474.52802
   283.4, 474.54181
   283.5, 474.55559
   283.6, 474.56934
   283.7, 474.58307
   283.8, 474.59679
   283.9, 474.61049
     284, 474.62417
   284.1, 474.63783
   284.2, 474.65147
   284.3, 474.66509
   284.4, 474.6787
   284.5, 474.69229
   284.6, 474.70586
   284.7, 474.71941
   284.8, 474.73294
   284.9, 474.74646
     285, 474.75995
   285.1, 474.77343
   285.2, 474.78689
   285.3, 474.80034
   285.4, 474.81376
   285.5, 474.82717
   285.6, 474.84056
   285.7, 474.85393
   285.8, 474.86728
   285.9, 474.88062
     286, 474.89394
   286.1, 474.90724
   286.2, 474.92052
   286.3, 474.93379
   286.4, 474.94703
   286.5, 474.96026
   286.6, 474.97347
   286.7, 474.98667
   286.8, 474.99985
   286.9,  475.013
     287, 475.02615
   287.1, 475.03927
   287.2, 475.05238
   287.3, 475.06547
   287.4, 475.07854
   287.5, 475.09159
   287.6, 475.10463
   287.7, 475.11765
   287.8, 475.13066
   287.9, 475.14364
     288, 475.15661
   288.1, 475.16956
   288.2, 475.18249
   288.3, 475.19541
   288.4, 475.20831
   288.5, 475.22119
   288.6, 475.23406
   288.7, 475.24691
   288.8, 475.25974
   288.9, 475.27256
     289, 475.28535
   289.1, 475.29814
   289.2, 475.3109
   289.3, 475.32365
   289.4, 475.33638
   289.5, 475.34909
   289.6, 475.36179
   289.7, 475.37447
   289.8, 475.38713
   289.9, 475.39978
     290, 475.41241
   290.1, 475.42502
   290.2, 475.43762
   290.3, 475.4502
   290.4, 475.46276
   290.5, 475.47531
   290.6, 475.48784
   290.7, 475.50036
   290.8, 475.51285
   290.9, 475.52534
     291, 475.5378
   291.1, 475.55025
   291.2, 475.56268
   291.3, 475.5751
   291.4, 475.5875
   291.5, 475.59988
   291.6, 475.61225
   291.7, 475.6246
   291.8, 475.63694
   291.9, 475.64925
     292, 475.66156
   292.1, 475.67384
   292.2, 475.68611
   292.3, 475.69837
   292.4, 475.71061
   292.5, 475.72283
   292.6, 475.73504
   292.7, 475.74723
   292.8, 475.7594
   292.9, 475.77156
     293, 475.7837
   293.1, 475.79583
   293.2, 475.80794
   293.3, 475.82004
   293.4, 475.83211
   293.5, 475.84418
   293.6, 475.85623
   293.7, 475.86826
   293.8, 475.88028
   293.9, 475.89228
     294, 475.90426
   294.1, 475.91623
   294.2, 475.92819
   294.3, 475.94013
   294.4, 475.95205
   294.5, 475.96396
   294.6, 475.97585
   294.7, 475.98773
   294.8, 475.99959
   294.9, 476.01143
     295, 476.02326
   295.1, 476.03508
   295.2, 476.04688
   295.3, 476.05866
   295.4, 476.07043
   295.5, 476.08219
   295.6, 476.09393
   295.7, 476.10565
   295.8, 476.11736
   295.9, 476.12905
     296, 476.14073
   296.1, 476.15239
   296.2, 476.16404
   296.3, 476.17567
   296.4, 476.18729
   296.5, 476.1989
   296.6, 476.21048
   296.7, 476.22206
   296.8, 476.23362
   296.9, 476.24516
     297, 476.25669
   297.1, 476.2682
   297.2, 476.2797
   297.3, 476.29118
   297.4, 476.30265
   297.5, 476.31411
   297.6, 476.32555
   297.7, 476.33697
   297.8, 476.34838
   297.9, 476.35978
     298, 476.37116
   298.1, 476.38252
   298.2, 476.39387
   298.3, 476.40521
   298.4, 476.41653
   298.5, 476.42784
   298.6, 476.43913
   298.7, 476.45041
   298.8, 476.46168
   298.9, 476.47293
     299, 476.48416
   299.1, 476.49538
   299.2, 476.50659
   299.3, 476.51778
   299.4, 476.52896
   299.5, 476.54012
   299.6, 476.55127
   299.7, 476.56241
   299.8, 476.57353
   299.9, 476.58464
     300, 476.59573
