     4.2, 0.12765451
     4.3, 0.13471061
     4.4, 0.14205004
     4.5, 0.14967936
     4.6, 0.15760514
     4.7, 0.16583393
     4.8, 0.17437229
     4.9, 0.18322677
       5, 0.19240392
     5.1, 0.20191029
     5.2, 0.21175242
     5.3, 0.22193685
     5.4, 0.23247012
     5.5, 0.24335877
     5.6, 0.25460932
     5.7, 0.26622831
     5.8, 0.27822225
     5.9, 0.29059767
       6, 0.30336108
     6.1, 0.316519
     6.2, 0.33007793
     6.3, 0.34404437
     6.4, 0.35842483
     6.5, 0.3732258
     6.6, 0.38845377
     6.7, 0.40411522
     6.8, 0.42021663
     6.9, 0.43676448
       7, 0.45376524
     7.1, 0.47122537
     7.2, 0.48915133
     7.3, 0.50754956
     7.4, 0.52642653
     7.5, 0.54578866
     7.6, 0.5656424
     7.7, 0.58599416
     7.8, 0.60685037
     7.9, 0.62821745
       8, 0.6501018
     8.1, 0.67250982
     8.2, 0.6954479
     8.3, 0.71892244
     8.4, 0.7429398
     8.5, 0.76750636
     8.6, 0.79262848
     8.7, 0.81831251
     8.8, 0.8445648
     8.9, 0.87139168
       9, 0.89879949
     9.1, 0.92679454
     9.2, 0.95538314
     9.3, 0.9845716
     9.4, 1.0143662
     9.5, 1.0447732
     9.6, 1.0757989
     9.7, 1.1074496
     9.8, 1.1397315
     9.9, 1.1726509
      10, 1.2062139
    10.1, 1.2404268
    10.2, 1.2752958
    10.3, 1.3108271
    10.4, 1.347027
    10.5, 1.3839014
    10.6, 1.4214567
    10.7, 1.459699
    10.8, 1.4986344
    10.9, 1.538269
      11, 1.5786089
    11.1, 1.6196603
    11.2, 1.6614292
    11.3, 1.7039217
    11.4, 1.7471438
    11.5, 1.7911017
    11.6, 1.8358012
    11.7, 1.8812485
    11.8, 1.9274496
    11.9, 1.9744103
      12, 2.0221367
    12.1, 2.0706348
    12.2, 2.1199104
    12.3, 2.1699696
    12.4, 2.2208181
    12.5, 2.2724619
    12.6, 2.3249069
    12.7, 2.378159
    12.8, 2.4322238
    12.9, 2.4871074
      13, 2.5428154
    13.1, 2.5993538
    13.2, 2.6567281
    13.3, 2.7149442
    13.4, 2.7740079
    13.5, 2.8339247
    13.6, 2.8947005
    13.7, 2.9563408
    13.8, 3.0188514
    13.9, 3.0822379
      14, 3.1465058
    14.1, 3.2116608
    14.2, 3.2777085
    14.3, 3.3446543
    14.4, 3.4125039
    14.5, 3.4812627
    14.6, 3.5509362
    14.7, 3.6215299
    14.8, 3.6930491
    14.9, 3.7654995
      15, 3.8388862
    15.1, 3.9132147
    15.2, 3.9884904
    15.3, 4.0647185
    15.4, 4.1419044
    15.5, 4.2200533
    15.6, 4.2991706
    15.7, 4.3792613
    15.8, 4.4603307
    15.9, 4.5423841
      16, 4.6254265
    16.1, 4.709463
    16.2, 4.7944988
    16.3, 4.8805389
    16.4, 4.9675884
    16.5, 5.0556523
    16.6, 5.1447356
    16.7, 5.2348432
    16.8, 5.3259801
    16.9, 5.4181511
      17, 5.5113613
    17.1, 5.6056153
    17.2, 5.700918
    17.3, 5.7972742
    17.4, 5.8946888
    17.5, 5.9931663
    17.6, 6.0927115
    17.7, 6.1933291
    17.8, 6.2950237
    17.9, 6.3977999
      18, 6.5016623
    18.1, 6.6066154
    18.2, 6.7126638
    18.3, 6.8198119
    18.4, 6.9280642
    18.5, 7.0374251
    18.6, 7.147899
    18.7, 7.2594902
    18.8, 7.372203
    18.9, 7.4860417
      19, 7.6010107
    19.1, 7.717114
    19.2, 7.8343558
    19.3, 7.9527404
    19.4, 8.0722718
    19.5, 8.1929541
    19.6, 8.3147913
    19.7, 8.4377875
    19.8, 8.5619466
    19.9, 8.6872724
      20, 8.813769
    20.1, 8.9414402
    20.2, 9.0702898
    20.3, 9.2003215
    20.4, 9.3315392
    20.5, 9.4639465
    20.6, 9.5975471
    20.7, 9.7323446
    20.8, 9.8683426
    20.9, 10.005545
      21, 10.143954
    21.1, 10.283575
    21.2, 10.42441
    21.3, 10.566463
    21.4, 10.709737
    21.5, 10.854236
    21.6, 10.999963
    21.7, 11.14692
    21.8, 11.295112
    21.9, 11.444541
      22, 11.595211
    22.1, 11.747124
    22.2, 11.900284
    22.3, 12.054693
    22.4, 12.210355
    22.5, 12.367272
    22.6, 12.525447
    22.7, 12.684883
    22.8, 12.845583
    22.9, 13.007549
      23, 13.170785
    23.1, 13.335292
    23.2, 13.501074
    23.3, 13.668133
    23.4, 13.836471
    23.5, 14.006091
    23.6, 14.176995
    23.7, 14.349186
    23.8, 14.522666
    23.9, 14.697437
      24, 14.873502
    24.1, 15.050862
    24.2, 15.229519
    24.3, 15.409477
    24.4, 15.590737
    24.5,  15.7733
    24.6, 15.957169
    24.7, 16.142346
    24.8, 16.328832
    24.9, 16.51663
      25, 16.705741
    25.1, 16.896166
    25.2, 17.087908
    25.3, 17.280968
    25.4, 17.475348
    25.5, 17.671049
    25.6, 17.868072
    25.7, 18.066419
    25.8, 18.266092
    25.9, 18.467091
      26, 18.669418
    26.1, 18.873075
    26.2, 19.078062
    26.3, 19.28438
    26.4, 19.49203
    26.5, 19.701014
    26.6, 19.911333
    26.7, 20.122987
    26.8, 20.335977
    26.9, 20.550305
      27, 20.76597
    27.1, 20.982973
    27.2, 21.201316
    27.3, 21.420999
    27.4, 21.642022
    27.5, 21.864386
    27.6, 22.088092
    27.7, 22.313139
    27.8, 22.539528
    27.9, 22.767259
      28, 22.996334
    28.1, 23.226751
    28.2, 23.458511
    28.3, 23.691614
    28.4, 23.926061
    28.5, 24.16185
    28.6, 24.398983
    28.7, 24.637459
    28.8, 24.877277
    28.9, 25.118438
      29, 25.360942
    29.1, 25.604787
    29.2, 25.849974
    29.3, 26.096503
    29.4, 26.344372
    29.5, 26.593582
    29.6, 26.844131
    29.7, 27.096019
    29.8, 27.349246
    29.9, 27.60381
      30, 27.859711
    30.1, 28.116948
    30.2, 28.37552
    30.3, 28.635426
    30.4, 28.896666
    30.5, 29.159238
    30.6, 29.42314
    30.7, 29.688373
    30.8, 29.954934
    30.9, 30.222823
      31, 30.492038
    31.1, 30.762578
    31.2, 31.034441
    31.3, 31.307626
    31.4, 31.582132
    31.5, 31.857956
    31.6, 32.135098
    31.7, 32.413555
    31.8, 32.693326
    31.9, 32.974409
      32, 33.256802
    32.1, 33.540504
    32.2, 33.825512
    32.3, 34.111825
    32.4, 34.39944
    32.5, 34.688356
    32.6, 34.97857
    32.7, 35.27008
    32.8, 35.562884
    32.9, 35.856979
      33, 36.152364
    33.1, 36.449036
    33.2, 36.746992
    33.3, 37.046231
    33.4, 37.346748
    33.5, 37.648543
    33.6, 37.951612
    33.7, 38.255953
    33.8, 38.561563
    33.9, 38.868439
      34, 39.176578
    34.1, 39.485977
    34.2, 39.796635
    34.3, 40.108547
    34.4, 40.42171
    34.5, 40.736122
    34.6, 41.051779
    34.7, 41.368679
    34.8, 41.686818
    34.9, 42.006192
      35, 42.326799
    35.1, 42.648636
    35.2, 42.971698
    35.3, 43.295982
    35.4, 43.621486
    35.5, 43.948205
    35.6, 44.276135
    35.7, 44.605274
    35.8, 44.935617
    35.9, 45.267162
      36, 45.599903
    36.1, 45.933838
    36.2, 46.268962
    36.3, 46.605271
    36.4, 46.942763
    36.5, 47.281432
    36.6, 47.621275
    36.7, 47.962287
    36.8, 48.304465
    36.9, 48.647804
      37, 48.992301
    37.1, 49.33795
    37.2, 49.684748
    37.3, 50.032691
    37.4, 50.381774
    37.5, 50.731992
    37.6, 51.083342
    37.7, 51.435818
    37.8, 51.789417
    37.9, 52.144134
      38, 52.499963
    38.1, 52.856902
    38.2, 53.214944
    38.3, 53.574085
    38.4, 53.934321
    38.5, 54.295646
    38.6, 54.658057
    38.7, 55.021547
    38.8, 55.386112
    38.9, 55.751748
      39, 56.118449
    39.1, 56.48621
    39.2, 56.855026
    39.3, 57.224892
    39.4, 57.595804
    39.5, 57.967755
    39.6, 58.340741
    39.7, 58.714757
    39.8, 59.089797
    39.9, 59.465855
      40, 59.842928
    40.1, 60.221009
    40.2, 60.600093
    40.3, 60.980175
    40.4, 61.361249
    40.5, 61.743309
    40.6, 62.126351
    40.7, 62.510368
    40.8, 62.895356
    40.9, 63.281308
      41, 63.66822
    41.1, 64.056084
    41.2, 64.444896
    41.3, 64.83465
    41.4, 65.225341
    41.5, 65.616962
    41.6, 66.009508
    41.7, 66.402972
    41.8, 66.79735
    41.9, 67.192635
      42, 67.588821
    42.1, 67.985903
    42.2, 68.383874
    42.3, 68.782728
    42.4, 69.182461
    42.5, 69.583065
    42.6, 69.984534
    42.7, 70.386863
    42.8, 70.790045
    42.9, 71.194075
      43, 71.598946
    43.1, 72.004652
    43.2, 72.411187
    43.3, 72.818544
    43.4, 73.226718
    43.5, 73.635703
    43.6, 74.045491
    43.7, 74.456078
    43.8, 74.867456
    43.9, 75.279619
      44, 75.692561
    44.1, 76.106276
    44.2, 76.520757
    44.3, 76.935998
    44.4, 77.351992
    44.5, 77.768734
    44.6, 78.186216
    44.7, 78.604433
    44.8, 79.023377
    44.9, 79.443043
      45, 79.863424
    45.1, 80.284514
    45.2, 80.706305
    45.3, 81.128792
    45.4, 81.551968
    45.5, 81.975826
    45.6, 82.40036
    45.7, 82.825563
    45.8, 83.251429
    45.9, 83.677952
      46, 84.105124
    46.1, 84.532938
    46.2, 84.96139
    46.3, 85.390471
    46.4, 85.820175
    46.5, 86.250496
    46.6, 86.681427
    46.7, 87.112961
    46.8, 87.545091
    46.9, 87.977812
      47, 88.411116
    47.1, 88.844996
    47.2, 89.279447
    47.3, 89.714461
    47.4, 90.150031
    47.5, 90.586151
    47.6, 91.022814
    47.7, 91.460014
    47.8, 91.897744
    47.9, 92.335997
      48, 92.774766
    48.1, 93.214045
    48.2, 93.653827
    48.3, 94.094105
    48.4, 94.534873
    48.5, 94.976124
    48.6, 95.417851
    48.7, 95.860047
    48.8, 96.302706
    48.9, 96.745821
      49, 97.189385
    49.1, 97.633392
    49.2, 98.077835
    49.3, 98.522707
    49.4, 98.968002
    49.5, 99.413712
    49.6, 99.859831
    49.7, 100.30635
    49.8, 100.75327
    49.9, 101.20058
      50, 101.64827
    50.1, 102.09633
    50.2, 102.54477
    50.3, 102.99356
    50.4, 103.44271
    50.5, 103.89221
    50.6, 104.34206
    50.7, 104.79224
    50.8, 105.24275
    50.9, 105.69358
      51, 106.14472
    51.1, 106.59618
    51.2, 107.04794
    51.3, 107.49999
    51.4, 107.95234
    51.5, 108.40497
    51.6, 108.85787
    51.7, 109.31104
    51.8, 109.76448
    51.9, 110.21818
      52, 110.67212
    52.1, 111.12631
    52.2, 111.58073
    52.3, 112.03539
    52.4, 112.49027
    52.5, 112.94537
    52.6, 113.40068
    52.7, 113.85619
    52.8, 114.31191
    52.9, 114.76781
      53, 115.22391
    53.1, 115.68018
    53.2, 116.13662
    53.3, 116.59323
    53.4,   117.05
    53.5, 117.50693
    53.6,  117.964
    53.7, 118.42122
    53.8, 118.87857
    53.9, 119.33605
      54, 119.79365
    54.1, 120.25137
    54.2, 120.70919
    54.3, 121.16713
    54.4, 121.62516
    54.5, 122.08328
    54.6, 122.54149
    54.7, 122.99977
    54.8, 123.45813
    54.9, 123.91656
      55, 124.37505
    55.1, 124.83359
    55.2, 125.29219
    55.3, 125.75082
    55.4, 126.2095
    55.5, 126.6682
    55.6, 127.12693
    55.7, 127.58568
    55.8, 128.04444
    55.9, 128.50322
      56, 128.96199
    56.1, 129.42076
    56.2, 129.87951
    56.3, 130.33826
    56.4, 130.79698
    56.5, 131.25567
    56.6, 131.71433
    56.7, 132.17295
    56.8, 132.63153
    56.9, 133.09005
      57, 133.54852
    57.1, 134.00693
    57.2, 134.46528
    57.3, 134.92355
    57.4, 135.38174
    57.5, 135.83984
    57.6, 136.29786
    57.7, 136.75579
    57.8, 137.21361
    57.9, 137.67133
      58, 138.12893
    58.1, 138.58642
    58.2, 139.04379
    58.3, 139.50103
    58.4, 139.95814
    58.5, 140.41511
    58.6, 140.87194
    58.7, 141.32862
    58.8, 141.78515
    58.9, 142.24151
      59, 142.69772
    59.1, 143.15375
    59.2, 143.60961
    59.3, 144.06529
    59.4, 144.52079
    59.5, 144.97609
    59.6, 145.43121
    59.7, 145.88612
    59.8, 146.34083
    59.9, 146.79533
      60, 147.24961
    60.1, 147.70368
    60.2, 148.15752
    60.3, 148.61113
    60.4, 149.06451
    60.5, 149.51765
    60.6, 149.97055
    60.7, 150.4232
    60.8, 150.8756
    60.9, 151.32774
      61, 151.77962
    61.1, 152.23123
    61.2, 152.68257
    61.3, 153.13363
    61.4, 153.58442
    61.5, 154.03492
    61.6, 154.48513
    61.7, 154.93504
    61.8, 155.38466
    61.9, 155.83398
      62, 156.28298
    62.1, 156.73168
    62.2, 157.18006
    62.3, 157.62813
    62.4, 158.07586
    62.5, 158.52327
    62.6, 158.97035
    62.7, 159.41709
    62.8, 159.86349
    62.9, 160.30954
      63, 160.75525
    63.1, 161.2006
    63.2, 161.64559
    63.3, 162.09022
    63.4, 162.53449
    63.5, 162.97839
    63.6, 163.42191
    63.7, 163.86506
    63.8, 164.30783
    63.9, 164.75021
      64, 165.1922
    64.1, 165.6338
    64.2, 166.07501
    64.3, 166.51581
    64.4, 166.95621
    64.5, 167.39621
    64.6, 167.83579
    64.7, 168.27495
    64.8, 168.7137
    64.9, 169.15203
      65, 169.58993
    65.1, 170.0274
    65.2, 170.46445
    65.3, 170.90105
    65.4, 171.33721
    65.5, 171.77294
    65.6, 172.20821
    65.7, 172.64304
    65.8, 173.07741
    65.9, 173.51133
      66, 173.94479
    66.1, 174.37779
    66.2, 174.81032
    66.3, 175.24238
    66.4, 175.67397
    66.5, 176.10508
    66.6, 176.53571
    66.7, 176.96587
    66.8, 177.39554
    66.9, 177.82472
      67, 178.25341
    67.1, 178.68161
    67.2, 179.10931
    67.3, 179.53651
    67.4, 179.96321
    67.5, 180.3894
    67.6, 180.81509
    67.7, 181.24026
    67.8, 181.66492
    67.9, 182.08907
      68, 182.5127
    68.1, 182.9358
    68.2, 183.35838
    68.3, 183.78043
    68.4, 184.20195
    68.5, 184.62295
    68.6, 185.0434
    68.7, 185.46332
    68.8, 185.8827
    68.9, 186.30153
      69, 186.71982
    69.1, 187.13757
    69.2, 187.55476
    69.3, 187.9714
    69.4, 188.38749
    69.5, 188.80302
    69.6, 189.21799
    69.7, 189.6324
    69.8, 190.04625
    69.9, 190.45953
      70, 190.87224
    70.1, 191.28438
    70.2, 191.69595
    70.3, 192.10694
    70.4, 192.51736
    70.5, 192.92719
    70.6, 193.33645
    70.7, 193.74512
    70.8, 194.15321
    70.9, 194.56071
      71, 194.96763
    71.1, 195.37395
    71.2, 195.77968
    71.3, 196.18481
    71.4, 196.58935
    71.5, 196.99329
    71.6, 197.39662
    71.7, 197.79936
    71.8, 198.20149
    71.9, 198.60302
      72, 199.00394
    72.1, 199.40425
    72.2, 199.80395
    72.3, 200.20304
    72.4, 200.60151
    72.5, 200.99937
    72.6, 201.39661
    72.7, 201.79323
    72.8, 202.18923
    72.9, 202.58461
      73, 202.97936
    73.1, 203.37349
    73.2, 203.76699
    73.3, 204.15987
    73.4, 204.55212
    73.5, 204.94373
    73.6, 205.33472
    73.7, 205.72507
    73.8, 206.11478
    73.9, 206.50386
      74, 206.89231
    74.1, 207.28011
    74.2, 207.66727
    74.3, 208.0538
    74.4, 208.43968
    74.5, 208.82492
    74.6, 209.20951
    74.7, 209.59346
    74.8, 209.97676
    74.9, 210.35941
      75, 210.74141
    75.1, 211.12276
    75.2, 211.50347
    75.3, 211.88352
    75.4, 212.26291
    75.5, 212.64166
    75.6, 213.01974
    75.7, 213.39718
    75.8, 213.77395
    75.9, 214.15007
      76, 214.52553
    76.1, 214.90033
    76.2, 215.27446
    76.3, 215.64794
    76.4, 216.02076
    76.5, 216.39291
    76.6, 216.7644
    76.7, 217.13522
    76.8, 217.50538
    76.9, 217.87487
      77, 218.2437
    77.1, 218.61186
    77.2, 218.97935
    77.3, 219.34617
    77.4, 219.71233
    77.5, 220.07781
    77.6, 220.44263
    77.7, 220.80677
    77.8, 221.17024
    77.9, 221.53304
      78, 221.89517
    78.1, 222.25662
    78.2, 222.6174
    78.3, 222.97751
    78.4, 223.33694
    78.5, 223.6957
    78.6, 224.05378
    78.7, 224.41118
    78.8, 224.76791
    78.9, 225.12397
      79, 225.47934
    79.1, 225.83404
    79.2, 226.18807
    79.3, 226.54141
    79.4, 226.89408
    79.5, 227.24606
    79.6, 227.59737
    79.7,  227.948
    79.8, 228.29795
    79.9, 228.64723
      80, 228.99582
    80.1, 229.34373
    80.2, 229.69096
    80.3, 230.03751
    80.4, 230.38339
    80.5, 230.72858
    80.6, 231.07309
    80.7, 231.41692
    80.8, 231.76007
    80.9, 232.10254
      81, 232.44433
    81.1, 232.78543
    81.2, 233.12586
    81.3, 233.4656
    81.4, 233.80467
    81.5, 234.14305
    81.6, 234.48075
    81.7, 234.81778
    81.8, 235.15412
    81.9, 235.48978
      82, 235.82476
    82.1, 236.15905
    82.2, 236.49267
    82.3, 236.82561
    82.4, 237.15787
    82.5, 237.48944
    82.6, 237.82034
    82.7, 238.15056
    82.8, 238.4801
    82.9, 238.80895
      83, 239.13713
    83.1, 239.46463
    83.2, 239.79145
    83.3, 240.11759
    83.4, 240.44306
    83.5, 240.76784
    83.6, 241.09195
    83.7, 241.41538
    83.8, 241.73813
    83.9, 242.0602
      84, 242.3816
    84.1, 242.70232
    84.2, 243.02237
    84.3, 243.34174
    84.4, 243.66043
    84.5, 243.97845
    84.6, 244.2958
    84.7, 244.61246
    84.8, 244.92846
    84.9, 245.24378
      85, 245.55843
    85.1, 245.87241
    85.2, 246.18571
    85.3, 246.49834
    85.4, 246.8103
    85.5, 247.12159
    85.6, 247.43221
    85.7, 247.74216
    85.8, 248.05144
    85.9, 248.36005
      86, 248.66799
    86.1, 248.97526
    86.2, 249.28187
    86.3, 249.58781
    86.4, 249.89308
    86.5, 250.19769
    86.6, 250.50163
    86.7, 250.8049
    86.8, 251.10752
    86.9, 251.40946
      87, 251.71075
    87.1, 252.01137
    87.2, 252.31133
    87.3, 252.61063
    87.4, 252.90927
    87.5, 253.20725
    87.6, 253.50457
    87.7, 253.80123
    87.8, 254.09723
    87.9, 254.39257
      88, 254.68726
    88.1, 254.98129
    88.2, 255.27467
    88.3, 255.56739
    88.4, 255.85946
    88.5, 256.15087
    88.6, 256.44163
    88.7, 256.73174
    88.8, 257.0212
    88.9, 257.31001
      89, 257.59817
    89.1, 257.88568
    89.2, 258.17254
    89.3, 258.45875
    89.4, 258.74432
    89.5, 259.02924
    89.6, 259.31351
    89.7, 259.59714
    89.8, 259.88013
    89.9, 260.16247
      90, 260.44417
    90.1, 260.72523
    90.2, 261.00565
    90.3, 261.28543
    90.4, 261.56458
    90.5, 261.84308
    90.6, 262.12095
    90.7, 262.39818
    90.8, 262.67477
    90.9, 262.95073
      91, 263.22606
    91.1, 263.50075
    91.2, 263.77481
    91.3, 264.04824
    91.4, 264.32104
    91.5, 264.59321
    91.6, 264.86475
    91.7, 265.13566
    91.8, 265.40595
    91.9, 265.67561
      92, 265.94464
    92.1, 266.21306
    92.2, 266.48084
    92.3, 266.74801
    92.4, 267.01455
    92.5, 267.28048
    92.6, 267.54578
    92.7, 267.81047
    92.8, 268.07454
    92.9, 268.33799
      93, 268.60082
    93.1, 268.86304
    93.2, 269.12465
    93.3, 269.38564
    93.4, 269.64602
    93.5, 269.90579
    93.6, 270.16495
    93.7, 270.42351
    93.8, 270.68145
    93.9, 270.93878
      94, 271.19551
    94.1, 271.45164
    94.2, 271.70716
    94.3, 271.96208
    94.4, 272.21639
    94.5, 272.4701
    94.6, 272.72322
    94.7, 272.97573
    94.8, 273.22765
    94.9, 273.47896
      95, 273.72969
    95.1, 273.97981
    95.2, 274.22935
    95.3, 274.47829
    95.4, 274.72663
    95.5, 274.97439
    95.6, 275.22155
    95.7, 275.46813
    95.8, 275.71412
    95.9, 275.95952
      96, 276.20434
    96.1, 276.44857
    96.2, 276.69221
    96.3, 276.93528
    96.4, 277.17776
    96.5, 277.41966
    96.6, 277.66098
    96.7, 277.90173
    96.8, 278.14189
    96.9, 278.38148
      97, 278.62049
    97.1, 278.85893
    97.2, 279.0968
    97.3, 279.33409
    97.4, 279.57081
    97.5, 279.80696
    97.6, 280.04254
    97.7, 280.27756
    97.8,  280.512
    97.9, 280.74589
      98, 280.9792
    98.1, 281.21195
    98.2, 281.44414
    98.3, 281.67577
    98.4, 281.90684
    98.5, 282.13735
    98.6, 282.3673
    98.7, 282.59669
    98.8, 282.82552
    98.9, 283.05381
      99, 283.28153
    99.1, 283.50871
    99.2, 283.73533
    99.3, 283.9614
    99.4, 284.18692
    99.5, 284.41189
    99.6, 284.63632
    99.7, 284.8602
    99.8, 285.08353
    99.9, 285.30632
     100, 285.52857
   100.1, 285.75027
   100.2, 285.97143
   100.3, 286.19206
   100.4, 286.41214
   100.5, 286.63169
   100.6, 286.8507
   100.7, 287.06918
   100.8, 287.28712
   100.9, 287.50452
     101, 287.7214
   101.1, 287.93774
   101.2, 288.15356
   101.3, 288.36885
   101.4, 288.5836
   101.5, 288.79784
   101.6, 289.01154
   101.7, 289.22472
   101.8, 289.43738
   101.9, 289.64952
     102, 289.86113
   102.1, 290.07223
   102.2, 290.2828
   102.3, 290.49286
   102.4, 290.7024
   102.5, 290.91143
   102.6, 291.11994
   102.7, 291.32794
   102.8, 291.53543
   102.9, 291.7424
     103, 291.94887
   103.1, 292.15483
   103.2, 292.36027
   103.3, 292.56522
   103.4, 292.76965
   103.5, 292.97359
   103.6, 293.17701
   103.7, 293.37994
   103.8, 293.58237
   103.9, 293.78429
     104, 293.98572
   104.1, 294.18665
   104.2, 294.38708
   104.3, 294.58701
   104.4, 294.78646
   104.5, 294.9854
   104.6, 295.18386
   104.7, 295.38182
   104.8, 295.5793
   104.9, 295.77628
     105, 295.97278
   105.1, 296.16879
   105.2, 296.36432
   105.3, 296.55936
   105.4, 296.75392
   105.5, 296.94799
   105.6, 297.14158
   105.7, 297.3347
   105.8, 297.52733
   105.9, 297.71949
     106, 297.91117
   106.1, 298.10237
   106.2, 298.2931
   106.3, 298.48335
   106.4, 298.67313
   106.5, 298.86244
   106.6, 299.05129
   106.7, 299.23966
   106.8, 299.42756
   106.9, 299.61499
     107, 299.80196
   107.1, 299.98847
   107.2, 300.17451
   107.3, 300.36009
   107.4, 300.5452
   107.5, 300.72986
   107.6, 300.91406
   107.7, 301.09779
   107.8, 301.28108
   107.9, 301.4639
     108, 301.64627
   108.1, 301.82818
   108.2, 302.00964
   108.3, 302.19065
   108.4, 302.37121
   108.5, 302.55132
   108.6, 302.73098
   108.7, 302.91019
   108.8, 303.08896
   108.9, 303.26728
     109, 303.44516
   109.1, 303.62259
   109.2, 303.79958
   109.3, 303.97613
   109.4, 304.15223
   109.5, 304.3279
   109.6, 304.50313
   109.7, 304.67793
   109.8, 304.85228
   109.9, 305.02621
     110, 305.19969
   110.1, 305.37275
   110.2, 305.54537
   110.3, 305.71757
   110.4, 305.88933
   110.5, 306.06066
   110.6, 306.23157
   110.7, 306.40205
   110.8, 306.57211
   110.9, 306.74174
     111, 306.91094
   111.1, 307.07973
   111.2, 307.24809
   111.3, 307.41603
   111.4, 307.58355
   111.5, 307.75066
   111.6, 307.91735
   111.7, 308.08362
   111.8, 308.24947
   111.9, 308.41491
     112, 308.57994
   112.1, 308.74456
   112.2, 308.90876
   112.3, 309.07256
   112.4, 309.23594
   112.5, 309.39892
   112.6, 309.56149
   112.7, 309.72366
   112.8, 309.88542
   112.9, 310.04677
     113, 310.20772
   113.1, 310.36827
   113.2, 310.52842
   113.3, 310.68817
   113.4, 310.84752
   113.5, 311.00647
   113.6, 311.16503
   113.7, 311.32319
   113.8, 311.48095
   113.9, 311.63832
     114, 311.7953
   114.1, 311.95188
   114.2, 312.10807
   114.3, 312.26388
   114.4, 312.41929
   114.5, 312.57432
   114.6, 312.72896
   114.7, 312.88321
   114.8, 313.03708
   114.9, 313.19056
     115, 313.34366
   115.1, 313.49638
   115.2, 313.64871
   115.3, 313.80067
   115.4, 313.95225
   115.5, 314.10344
   115.6, 314.25426
   115.7, 314.40471
   115.8, 314.55478
   115.9, 314.70447
     116, 314.85379
   116.1, 315.00274
   116.2, 315.15132
   116.3, 315.29952
   116.4, 315.44736
   116.5, 315.59482
   116.6, 315.74192
   116.7, 315.88865
   116.8, 316.03502
   116.9, 316.18102
     117, 316.32666
   117.1, 316.47193
   117.2, 316.61684
   117.3, 316.76139
   117.4, 316.90558
   117.5, 317.04941
   117.6, 317.19288
   117.7,  317.336
   117.8, 317.47875
   117.9, 317.62115
     118, 317.7632
   118.1, 317.90489
   118.2, 318.04623
   118.3, 318.18722
   118.4, 318.32786
   118.5, 318.46814
   118.6, 318.60808
   118.7, 318.74767
   118.8, 318.88691
   118.9, 319.0258
     119, 319.16435
   119.1, 319.30255
   119.2, 319.44041
   119.3, 319.57792
   119.4, 319.7151
   119.5, 319.85193
   119.6, 319.98842
   119.7, 320.12458
   119.8, 320.26039
   119.9, 320.39587
     120, 320.53101
   120.1, 320.66581
   120.2, 320.80028
   120.3, 320.93441
   120.4, 321.06821
   120.5, 321.20168
   120.6, 321.33482
   120.7, 321.46762
   120.8, 321.6001
   120.9, 321.73225
     121, 321.86406
   121.1, 321.99556
   121.2, 322.12672
   121.3, 322.25756
   121.4, 322.38808
   121.5, 322.51827
   121.6, 322.64814
   121.7, 322.77768
   121.8, 322.90691
   121.9, 323.03581
     122, 323.1644
   122.1, 323.29266
   122.2, 323.42061
   122.3, 323.54824
   122.4, 323.67556
   122.5, 323.80255
   122.6, 323.92924
   122.7, 324.05561
   122.8, 324.18167
   122.9, 324.30741
     123, 324.43285
   123.1, 324.55797
   123.2, 324.68279
   123.3, 324.80729
   123.4, 324.93149
   123.5, 325.05538
   123.6, 325.17897
   123.7, 325.30225
   123.8, 325.42522
   123.9, 325.54789
     124, 325.67026
   124.1, 325.79232
   124.2, 325.91409
   124.3, 326.03555
   124.4, 326.15671
   124.5, 326.27757
   124.6, 326.39814
   124.7, 326.51841
   124.8, 326.63838
   124.9, 326.75805
     125, 326.87743
   125.1, 326.99652
   125.2, 327.11531
   125.3, 327.23381
   125.4, 327.35202
   125.5, 327.46993
   125.6, 327.58756
   125.7, 327.70489
   125.8, 327.82194
   125.9, 327.9387
     126, 328.05517
   126.1, 328.17136
   126.2, 328.28726
   126.3, 328.40287
   126.4, 328.5182
   126.5, 328.63325
   126.6, 328.74801
   126.7, 328.86249
   126.8, 328.97669
   126.9, 329.09061
     127, 329.20425
   127.1, 329.31761
   127.2, 329.43069
   127.3, 329.5435
   127.4, 329.65603
   127.5, 329.76828
   127.6, 329.88025
   127.7, 329.99196
   127.8, 330.10338
   127.9, 330.21454
     128, 330.32542
   128.1, 330.43603
   128.2, 330.54637
   128.3, 330.65644
   128.4, 330.76624
   128.5, 330.87578
   128.6, 330.98504
   128.7, 331.09404
   128.8, 331.20277
   128.9, 331.31123
     129, 331.41943
   129.1, 331.52736
   129.2, 331.63503
   129.3, 331.74244
   129.4, 331.84959
   129.5, 331.95647
   129.6, 332.06309
   129.7, 332.16945
   129.8, 332.27556
   129.9, 332.3814
     130, 332.48699
   130.1, 332.59232
   130.2, 332.69739
   130.3, 332.8022
   130.4, 332.90676
   130.5, 333.01107
   130.6, 333.11512
   130.7, 333.21892
   130.8, 333.32247
   130.9, 333.42576
     131, 333.5288
   131.1, 333.6316
   131.2, 333.73414
   131.3, 333.83643
   131.4, 333.93848
   131.5, 334.04027
   131.6, 334.14182
   131.7, 334.24312
   131.8, 334.34418
   131.9, 334.44499
     132, 334.54556
   132.1, 334.64588
   132.2, 334.74596
   132.3, 334.8458
   132.4, 334.94539
   132.5, 335.04475
   132.6, 335.14386
   132.7, 335.24274
   132.8, 335.34137
   132.9, 335.43976
     133, 335.53792
   133.1, 335.63584
   133.2, 335.73352
   133.3, 335.83097
   133.4, 335.92818
   133.5, 336.02516
   133.6, 336.1219
   133.7, 336.21841
   133.8, 336.31469
   133.9, 336.41073
     134, 336.50654
   134.1, 336.60212
   134.2, 336.69747
   134.3, 336.79259
   134.4, 336.88748
   134.5, 336.98214
   134.6, 337.07658
   134.7, 337.17079
   134.8, 337.26477
   134.9, 337.35852
     135, 337.45205
   135.1, 337.54535
   135.2, 337.63843
   135.3, 337.73129
   135.4, 337.82392
   135.5, 337.91633
   135.6, 338.00852
   135.7, 338.10048
   135.8, 338.19223
   135.9, 338.28375
     136, 338.37506
   136.1, 338.46615
   136.2, 338.55702
   136.3, 338.64767
   136.4, 338.7381
   136.5, 338.82832
   136.6, 338.91832
   136.7, 339.00811
   136.8, 339.09768
   136.9, 339.18703
     137, 339.27618
   137.1, 339.36511
   137.2, 339.45382
   137.3, 339.54233
   137.4, 339.63062
   137.5, 339.71871
   137.6, 339.80658
   137.7, 339.89424
   137.8, 339.9817
   137.9, 340.06894
     138, 340.15598
   138.1, 340.24281
   138.2, 340.32943
   138.3, 340.41585
   138.4, 340.50206
   138.5, 340.58807
   138.6, 340.67387
   138.7, 340.75947
   138.8, 340.84486
   138.9, 340.93005
     139, 341.01504
   139.1, 341.09982
   139.2, 341.18441
   139.3, 341.26879
   139.4, 341.35298
   139.5, 341.43696
   139.6, 341.52075
   139.7, 341.60433
   139.8, 341.68772
   139.9, 341.77091
     140, 341.8539
   140.1, 341.9367
   140.2, 342.0193
   140.3, 342.10171
   140.4, 342.18392
   140.5, 342.26593
   140.6, 342.34776
   140.7, 342.42938
   140.8, 342.51082
   140.9, 342.59206
     141, 342.67311
   141.1, 342.75397
   141.2, 342.83464
   141.3, 342.91512
   141.4, 342.99541
   141.5, 343.07551
   141.6, 343.15542
   141.7, 343.23515
   141.8, 343.31468
   141.9, 343.39403
     142, 343.47319
   142.1, 343.55217
   142.2, 343.63096
   142.3, 343.70956
   142.4, 343.78798
   142.5, 343.86622
   142.6, 343.94427
   142.7, 344.02214
   142.8, 344.09982
   142.9, 344.17732
     143, 344.25465
   143.1, 344.33179
   143.2, 344.40875
   143.3, 344.48552
   143.4, 344.56212
   143.5, 344.63854
   143.6, 344.71478
   143.7, 344.79085
   143.8, 344.86673
   143.9, 344.94244
     144, 345.01797
   144.1, 345.09332
   144.2, 345.1685
   144.3, 345.2435
   144.4, 345.31833
   144.5, 345.39298
   144.6, 345.46746
   144.7, 345.54177
   144.8, 345.6159
   144.9, 345.68986
     145, 345.76364
   145.1, 345.83726
   145.2, 345.9107
   145.3, 345.98397
   145.4, 346.05708
   145.5, 346.13001
   145.6, 346.20277
   145.7, 346.27536
   145.8, 346.34779
   145.9, 346.42005
     146, 346.49214
   146.1, 346.56406
   146.2, 346.63581
   146.3, 346.7074
   146.4, 346.77882
   146.5, 346.85008
   146.6, 346.92117
   146.7, 346.9921
   146.8, 347.06286
   146.9, 347.13346
     147, 347.2039
   147.1, 347.27417
   147.2, 347.34428
   147.3, 347.41423
   147.4, 347.48402
   147.5, 347.55365
   147.6, 347.62311
   147.7, 347.69242
   147.8, 347.76156
   147.9, 347.83055
     148, 347.89938
   148.1, 347.96804
   148.2, 348.03655
   148.3, 348.10491
   148.4, 348.1731
   148.5, 348.24114
   148.6, 348.30902
   148.7, 348.37675
   148.8, 348.44432
   148.9, 348.51174
     149,  348.579
   149.1, 348.6461
   149.2, 348.71305
   149.3, 348.77985
   149.4, 348.8465
   149.5, 348.91299
   149.6, 348.97933
   149.7, 349.04552
   149.8, 349.11155
   149.9, 349.17744
     150, 349.24317
   150.1, 349.30876
   150.2, 349.37419
   150.3, 349.43948
   150.4, 349.50461
   150.5, 349.5696
   150.6, 349.63444
   150.7, 349.69913
   150.8, 349.76367
   150.9, 349.82807
     151, 349.89232
   151.1, 349.95642
   151.2, 350.02038
   151.3, 350.08419
   151.4, 350.14786
   151.5, 350.21138
   151.6, 350.27475
   151.7, 350.33799
   151.8, 350.40107
   151.9, 350.46402
     152, 350.52682
   152.1, 350.58948
   152.2,  350.652
   152.3, 350.71438
   152.4, 350.77661
   152.5, 350.8387
   152.6, 350.90066
   152.7, 350.96247
   152.8, 351.02414
   152.9, 351.08568
     153, 351.14707
   153.1, 351.20832
   153.2, 351.26944
   153.3, 351.33042
   153.4, 351.39126
   153.5, 351.45196
   153.6, 351.51253
   153.7, 351.57296
   153.8, 351.63325
   153.9, 351.69341
     154, 351.75343
   154.1, 351.81332
   154.2, 351.87307
   154.3, 351.93268
   154.4, 351.99217
   154.5, 352.05152
   154.6, 352.11073
   154.7, 352.16981
   154.8, 352.22876
   154.9, 352.28758
     155, 352.34627
   155.1, 352.40482
   155.2, 352.46324
   155.3, 352.52153
   155.4, 352.57969
   155.5, 352.63772
   155.6, 352.69562
   155.7, 352.75339
   155.8, 352.81103
   155.9, 352.86855
     156, 352.92593
   156.1, 352.98318
   156.2, 353.04031
   156.3, 353.09731
   156.4, 353.15418
   156.5, 353.21093
   156.6, 353.26755
   156.7, 353.32404
   156.8, 353.3804
   156.9, 353.43665
     157, 353.49276
   157.1, 353.54875
   157.2, 353.60462
   157.3, 353.66036
   157.4, 353.71598
   157.5, 353.77147
   157.6, 353.82684
   157.7, 353.88209
   157.8, 353.93721
   157.9, 353.99221
     158, 354.04709
   158.1, 354.10185
   158.2, 354.15649
   158.3,  354.211
   158.4, 354.2654
   158.5, 354.31967
   158.6, 354.37383
   158.7, 354.42786
   158.8, 354.48178
   158.9, 354.53557
     159, 354.58925
   159.1, 354.64281
   159.2, 354.69625
   159.3, 354.74957
   159.4, 354.80277
   159.5, 354.85586
   159.6, 354.90883
   159.7, 354.96168
   159.8, 355.01442
   159.9, 355.06704
     160, 355.11954
   160.1, 355.17193
   160.2, 355.2242
   160.3, 355.27636
   160.4, 355.32841
   160.5, 355.38034
   160.6, 355.43215
   160.7, 355.48385
   160.8, 355.53544
   160.9, 355.58691
     161, 355.63828
   161.1, 355.68953
   161.2, 355.74066
   161.3, 355.79169
   161.4, 355.8426
   161.5, 355.8934
   161.6, 355.94409
   161.7, 355.99467
   161.8, 356.04514
   161.9, 356.0955
     162, 356.14575
   162.1, 356.19589
   162.2, 356.24592
   162.3, 356.29584
   162.4, 356.34565
   162.5, 356.39535
   162.6, 356.44494
   162.7, 356.49443
   162.8, 356.54381
   162.9, 356.59308
     163, 356.64224
   163.1, 356.6913
   163.2, 356.74025
   163.3, 356.78909
   163.4, 356.83783
   163.5, 356.88646
   163.6, 356.93499
   163.7, 356.98341
   163.8, 357.03173
   163.9, 357.07994
     164, 357.12804
   164.1, 357.17604
   164.2, 357.22394
   164.3, 357.27174
   164.4, 357.31943
   164.5, 357.36702
   164.6, 357.4145
   164.7, 357.46188
   164.8, 357.50916
   164.9, 357.55634
     165, 357.60342
   165.1, 357.65039
   165.2, 357.69727
   165.3, 357.74404
   165.4, 357.79071
   165.5, 357.83728
   165.6, 357.88375
   165.7, 357.93012
   165.8, 357.97639
   165.9, 358.02256
     166, 358.06863
   166.1, 358.11461
   166.2, 358.16048
   166.3, 358.20625
   166.4, 358.25193
   166.5, 358.29751
   166.6, 358.34299
   166.7, 358.38838
   166.8, 358.43366
   166.9, 358.47885
     167, 358.52394
   167.1, 358.56894
   167.2, 358.61384
   167.3, 358.65864
   167.4, 358.70335
   167.5, 358.74796
   167.6, 358.79248
   167.7, 358.8369
   167.8, 358.88123
   167.9, 358.92546
     168, 358.9696
   168.1, 359.01364
   168.2, 359.05759
   168.3, 359.10145
   168.4, 359.14521
   168.5, 359.18888
   168.6, 359.23246
   168.7, 359.27594
   168.8, 359.31934
   168.9, 359.36264
     169, 359.40584
   169.1, 359.44896
   169.2, 359.49198
   169.3, 359.53492
   169.4, 359.57776
   169.5, 359.62051
   169.6, 359.66317
   169.7, 359.70574
   169.8, 359.74822
   169.9, 359.79061
     170, 359.83291
   170.1, 359.87512
   170.2, 359.91724
   170.3, 359.95928
   170.4, 360.00122
   170.5, 360.04308
   170.6, 360.08484
   170.7, 360.12652
   170.8, 360.16811
   170.9, 360.20962
     171, 360.25103
   171.1, 360.29236
   171.2, 360.3336
   171.3, 360.37476
   171.4, 360.41582
   171.5, 360.45681
   171.6, 360.4977
   171.7, 360.53851
   171.8, 360.57923
   171.9, 360.61987
     172, 360.66043
   172.1, 360.70089
   172.2, 360.74128
   172.3, 360.78158
   172.4, 360.82179
   172.5, 360.86192
   172.6, 360.90196
   172.7, 360.94193
   172.8, 360.9818
   172.9, 361.0216
     173, 361.06131
   173.1, 361.10094
   173.2, 361.14049
   173.3, 361.17995
   173.4, 361.21933
   173.5, 361.25863
   173.6, 361.29785
   173.7, 361.33698
   173.8, 361.37604
   173.9, 361.41501
     174, 361.4539
   174.1, 361.49271
   174.2, 361.53144
   174.3, 361.57009
   174.4, 361.60866
   174.5, 361.64714
   174.6, 361.68555
   174.7, 361.72388
   174.8, 361.76213
   174.9, 361.8003
     175, 361.83839
   175.1, 361.8764
   175.2, 361.91434
   175.3, 361.95219
   175.4, 361.98997
   175.5, 362.02767
   175.6, 362.06529
   175.7, 362.10283
   175.8, 362.14029
   175.9, 362.17768
     176, 362.21499
   176.1, 362.25222
   176.2, 362.28938
   176.3, 362.32646
   176.4, 362.36346
   176.5, 362.40039
   176.6, 362.43724
   176.7, 362.47401
   176.8, 362.51071
   176.9, 362.54734
     177, 362.58389
   177.1, 362.62036
   177.2, 362.65676
   177.3, 362.69308
   177.4, 362.72933
   177.5, 362.7655
   177.6, 362.8016
   177.7, 362.83763
   177.8, 362.87358
   177.9, 362.90946
     178, 362.94527
   178.1,  362.981
   178.2, 363.01666
   178.3, 363.05224
   178.4, 363.08776
   178.5, 363.1232
   178.6, 363.15857
   178.7, 363.19386
   178.8, 363.22909
   178.9, 363.26424
     179, 363.29932
   179.1, 363.33433
   179.2, 363.36926
   179.3, 363.40413
   179.4, 363.43893
   179.5, 363.47365
   179.6, 363.5083
   179.7, 363.54289
   179.8, 363.5774
   179.9, 363.61184
     180, 363.64622
   180.1, 363.68052
   180.2, 363.71475
   180.3, 363.74892
   180.4, 363.78301
   180.5, 363.81704
   180.6, 363.85099
   180.7, 363.88488
   180.8, 363.9187
   180.9, 363.95245
     181, 363.98613
   181.1, 364.01975
   181.2, 364.05329
   181.3, 364.08677
   181.4, 364.12018
   181.5, 364.15353
   181.6, 364.1868
   181.7, 364.22001
   181.8, 364.25315
   181.9, 364.28623
     182, 364.31924
   182.1, 364.35218
   182.2, 364.38505
   182.3, 364.41786
   182.4, 364.45061
   182.5, 364.48329
   182.6, 364.5159
   182.7, 364.54844
   182.8, 364.58093
   182.9, 364.61334
     183, 364.64569
   183.1, 364.67798
   183.2, 364.7102
   183.3, 364.74236
   183.4, 364.77445
   183.5, 364.80648
   183.6, 364.83844
   183.7, 364.87034
   183.8, 364.90218
   183.9, 364.93395
     184, 364.96566
   184.1, 364.9973
   184.2, 365.02889
   184.3, 365.06041
   184.4, 365.09186
   184.5, 365.12326
   184.6, 365.15459
   184.7, 365.18586
   184.8, 365.21706
   184.9, 365.24821
     185, 365.27929
   185.1, 365.31031
   185.2, 365.34127
   185.3, 365.37216
   185.4,  365.403
   185.5, 365.43378
   185.6, 365.46449
   185.7, 365.49514
   185.8, 365.52573
   185.9, 365.55626
     186, 365.58673
   186.1, 365.61714
   186.2, 365.64749
   186.3, 365.67778
   186.4, 365.70801
   186.5, 365.73818
   186.6, 365.76829
   186.7, 365.79835
   186.8, 365.82834
   186.9, 365.85827
     187, 365.88814
   187.1, 365.91796
   187.2, 365.94771
   187.3, 365.97741
   187.4, 366.00705
   187.5, 366.03663
   187.6, 366.06615
   187.7, 366.09561
   187.8, 366.12502
   187.9, 366.15436
     188, 366.18365
   188.1, 366.21289
   188.2, 366.24206
   188.3, 366.27118
   188.4, 366.30024
   188.5, 366.32924
   188.6, 366.35819
   188.7, 366.38708
   188.8, 366.41591
   188.9, 366.44469
     189, 366.47341
   189.1, 366.50207
   189.2, 366.53068
   189.3, 366.55923
   189.4, 366.58773
   189.5, 366.61617
   189.6, 366.64456
   189.7, 366.67288
   189.8, 366.70116
   189.9, 366.72938
     190, 366.75754
   190.1, 366.78565
   190.2, 366.81371
   190.3, 366.84171
   190.4, 366.86965
   190.5, 366.89754
   190.6, 366.92538
   190.7, 366.95316
   190.8, 366.98089
   190.9, 367.00856
     191, 367.03618
   191.1, 367.06375
   191.2, 367.09127
   191.3, 367.11873
   191.4, 367.14613
   191.5, 367.17349
   191.6, 367.20079
   191.7, 367.22804
   191.8, 367.25523
   191.9, 367.28237
     192, 367.30946
   192.1, 367.3365
   192.2, 367.36349
   192.3, 367.39042
   192.4, 367.4173
   192.5, 367.44413
   192.6, 367.47091
   192.7, 367.49764
   192.8, 367.52431
   192.9, 367.55093
     193, 367.5775
   193.1, 367.60403
   193.2, 367.6305
   193.3, 367.65691
   193.4, 367.68328
   193.5, 367.7096
   193.6, 367.73587
   193.7, 367.76208
   193.8, 367.78825
   193.9, 367.81436
     194, 367.84043
   194.1, 367.86644
   194.2, 367.89241
   194.3, 367.91833
   194.4, 367.94419
   194.5, 367.97001
   194.6, 367.99578
   194.7, 368.02149
   194.8, 368.04716
   194.9, 368.07278
     195, 368.09835
   195.1, 368.12387
   195.2, 368.14935
   195.3, 368.17477
   195.4, 368.20015
   195.5, 368.22548
   195.6, 368.25075
   195.7, 368.27599
   195.8, 368.30117
   195.9, 368.3263
     196, 368.35139
   196.1, 368.37643
   196.2, 368.40142
   196.3, 368.42637
   196.4, 368.45126
   196.5, 368.47611
   196.6, 368.50092
   196.7, 368.52567
   196.8, 368.55038
   196.9, 368.57504
     197, 368.59966
   197.1, 368.62423
   197.2, 368.64875
   197.3, 368.67322
   197.4, 368.69765
   197.5, 368.72204
   197.6, 368.74637
   197.7, 368.77066
   197.8, 368.79491
   197.9, 368.81911
     198, 368.84326
   198.1, 368.86737
   198.2, 368.89143
   198.3, 368.91545
   198.4, 368.93942
   198.5, 368.96334
   198.6, 368.98723
   198.7, 369.01106
   198.8, 369.03485
   198.9, 369.0586
     199, 369.0823
   199.1, 369.10596
   199.2, 369.12957
   199.3, 369.15314
   199.4, 369.17667
   199.5, 369.20015
   199.6, 369.22358
   199.7, 369.24698
   199.8, 369.27033
   199.9, 369.29363
     200, 369.31689
   200.1, 369.34011
   200.2, 369.36328
   200.3, 369.38641
   200.4, 369.4095
   200.5, 369.43255
   200.6, 369.45555
   200.7, 369.47851
   200.8, 369.50142
   200.9, 369.5243
     201, 369.54713
   201.1, 369.56991
   201.2, 369.59266
   201.3, 369.61536
   201.4, 369.63802
   201.5, 369.66064
   201.6, 369.68322
   201.7, 369.70575
   201.8, 369.72824
   201.9, 369.75069
     202, 369.7731
   202.1, 369.79547
   202.2, 369.8178
   202.3, 369.84008
   202.4, 369.86232
   202.5, 369.88452
   202.6, 369.90669
   202.7, 369.9288
   202.8, 369.95088
   202.9, 369.97292
     203, 369.99492
   203.1, 370.01687
   203.2, 370.03879
   203.3, 370.06067
   203.4, 370.0825
   203.5, 370.10429
   203.6, 370.12605
   203.7, 370.14776
   203.8, 370.16944
   203.9, 370.19107
     204, 370.21266
   204.1, 370.23422
   204.2, 370.25573
   204.3, 370.27721
   204.4, 370.29864
   204.5, 370.32004
   204.6, 370.3414
   204.7, 370.36272
   204.8, 370.38399
   204.9, 370.40523
     205, 370.42643
   205.1, 370.4476
   205.2, 370.46872
   205.3, 370.4898
   205.4, 370.51085
   205.5, 370.53185
   205.6, 370.55282
   205.7, 370.57375
   205.8, 370.59464
   205.9, 370.6155
     206, 370.63631
   206.1, 370.65709
   206.2, 370.67783
   206.3, 370.69853
   206.4, 370.71919
   206.5, 370.73982
   206.6, 370.76041
   206.7, 370.78096
   206.8, 370.80147
   206.9, 370.82195
     207, 370.84239
   207.1, 370.86279
   207.2, 370.88315
   207.3, 370.90348
   207.4, 370.92377
   207.5, 370.94402
   207.6, 370.96424
   207.7, 370.98442
   207.8, 371.00456
   207.9, 371.02467
     208, 371.04474
   208.1, 371.06477
   208.2, 371.08477
   208.3, 371.10473
   208.4, 371.12466
   208.5, 371.14455
   208.6, 371.1644
   208.7, 371.18422
   208.8,  371.204
   208.9, 371.22375
     209, 371.24346
   209.1, 371.26313
   209.2, 371.28277
   209.3, 371.30237
   209.4, 371.32194
   209.5, 371.34147
   209.6, 371.36097
   209.7, 371.38043
   209.8, 371.39986
   209.9, 371.41925
     210, 371.43861
   210.1, 371.45794
   210.2, 371.47722
   210.3, 371.49648
   210.4, 371.5157
   210.5, 371.53488
   210.6, 371.55403
   210.7, 371.57315
   210.8, 371.59223
   210.9, 371.61127
     211, 371.63029
   211.1, 371.64926
   211.2, 371.66821
   211.3, 371.68712
   211.4,  371.706
   211.5, 371.72484
   211.6, 371.74365
   211.7, 371.76243
   211.8, 371.78117
   211.9, 371.79988
     212, 371.81855
   212.1, 371.8372
   212.2, 371.85581
   212.3, 371.87438
   212.4, 371.89292
   212.5, 371.91143
   212.6, 371.92991
   212.7, 371.94835
   212.8, 371.96676
   212.9, 371.98514
     213, 372.00349
   213.1, 372.0218
   213.2, 372.04008
   213.3, 372.05833
   213.4, 372.07655
   213.5, 372.09473
   213.6, 372.11288
   213.7,  372.131
   213.8, 372.14909
   213.9, 372.16714
     214, 372.18516
   214.1, 372.20315
   214.2, 372.22111
   214.3, 372.23904
   214.4, 372.25693
   214.5, 372.2748
   214.6, 372.29263
   214.7, 372.31043
   214.8, 372.3282
   214.9, 372.34594
     215, 372.36365
   215.1, 372.38132
   215.2, 372.39896
   215.3, 372.41658
   215.4, 372.43416
   215.5, 372.45171
   215.6, 372.46923
   215.7, 372.48672
   215.8, 372.50418
   215.9, 372.52161
     216, 372.53901
   216.1, 372.55637
   216.2, 372.57371
   216.3, 372.59101
   216.4, 372.60829
   216.5, 372.62553
   216.6, 372.64275
   216.7, 372.65993
   216.8, 372.67709
   216.9, 372.69421
     217, 372.71131
   217.1, 372.72837
   217.2, 372.74541
   217.3, 372.76241
   217.4, 372.77939
   217.5, 372.79633
   217.6, 372.81325
   217.7, 372.83014
   217.8, 372.84699
   217.9, 372.86382
     218, 372.88062
   218.1, 372.89739
   218.2, 372.91413
   218.3, 372.93084
   218.4, 372.94752
   218.5, 372.96418
   218.6, 372.9808
   218.7, 372.99739
   218.8, 373.01396
   218.9, 373.0305
     219, 373.04701
   219.1, 373.06349
   219.2, 373.07994
   219.3, 373.09636
   219.4, 373.11275
   219.5, 373.12912
   219.6, 373.14546
   219.7, 373.16177
   219.8, 373.17805
   219.9, 373.1943
     220, 373.21052
   220.1, 373.22672
   220.2, 373.24289
   220.3, 373.25903
   220.4, 373.27514
   220.5, 373.29123
   220.6, 373.30728
   220.7, 373.32331
   220.8, 373.33931
   220.9, 373.35529
     221, 373.37123
   221.1, 373.38715
   221.2, 373.40305
   221.3, 373.41891
   221.4, 373.43475
   221.5, 373.45056
   221.6, 373.46634
   221.7, 373.48209
   221.8, 373.49782
   221.9, 373.51352
     222, 373.5292
   222.1, 373.54485
   222.2, 373.56047
   222.3, 373.57606
   222.4, 373.59163
   222.5, 373.60717
   222.6, 373.62268
   222.7, 373.63817
   222.8, 373.65363
   222.9, 373.66907
     223, 373.68447
   223.1, 373.69985
   223.2, 373.71521
   223.3, 373.73054
   223.4, 373.74584
   223.5, 373.76112
   223.6, 373.77637
   223.7, 373.79159
   223.8, 373.80679
   223.9, 373.82197
     224, 373.83711
   224.1, 373.85223
   224.2, 373.86733
   224.3, 373.8824
   224.4, 373.89744
   224.5, 373.91246
   224.6, 373.92746
   224.7, 373.94242
   224.8, 373.95737
   224.9, 373.97228
     225, 373.98717
   225.1, 374.00204
   225.2, 374.01688
   225.3, 374.0317
   225.4, 374.04649
   225.5, 374.06125
   225.6, 374.07599
   225.7, 374.09071
   225.8, 374.1054
   225.9, 374.12007
     226, 374.13471
   226.1, 374.14932
   226.2, 374.16392
   226.3, 374.17848
   226.4, 374.19303
   226.5, 374.20754
   226.6, 374.22204
   226.7, 374.23651
   226.8, 374.25095
   226.9, 374.26537
     227, 374.27977
   227.1, 374.29414
   227.2, 374.30849
   227.3, 374.32281
   227.4, 374.33711
   227.5, 374.35138
   227.6, 374.36564
   227.7, 374.37986
   227.8, 374.39407
   227.9, 374.40825
     228, 374.4224
   228.1, 374.43653
   228.2, 374.45064
   228.3, 374.46473
   228.4, 374.47879
   228.5, 374.49283
   228.6, 374.50684
   228.7, 374.52083
   228.8, 374.5348
   228.9, 374.54874
     229, 374.56266
   229.1, 374.57656
   229.2, 374.59044
   229.3, 374.60429
   229.4, 374.61811
   229.5, 374.63192
   229.6, 374.6457
   229.7, 374.65946
   229.8, 374.6732
   229.9, 374.68691
     230, 374.7006
   230.1, 374.71427
   230.2, 374.72791
   230.3, 374.74153
   230.4, 374.75513
   230.5, 374.76871
   230.6, 374.78226
   230.7, 374.7958
   230.8, 374.80931
   230.9, 374.82279
     231, 374.83626
   231.1, 374.8497
   231.2, 374.86312
   231.3, 374.87652
   231.4, 374.88989
   231.5, 374.90324
   231.6, 374.91658
   231.7, 374.92989
   231.8, 374.94317
   231.9, 374.95644
     232, 374.96968
   232.1, 374.9829
   232.2, 374.9961
   232.3, 375.00928
   232.4, 375.02244
   232.5, 375.03557
   232.6, 375.04868
   232.7, 375.06177
   232.8, 375.07484
   232.9, 375.08789
     233, 375.10092
   233.1, 375.11392
   233.2, 375.12691
   233.3, 375.13987
   233.4, 375.15281
   233.5, 375.16573
   233.6, 375.17863
   233.7, 375.1915
   233.8, 375.20436
   233.9, 375.2172
     234, 375.23001
   234.1, 375.2428
   234.2, 375.25557
   234.3, 375.26833
   234.4, 375.28106
   234.5, 375.29376
   234.6, 375.30645
   234.7, 375.31912
   234.8, 375.33177
   234.9, 375.34439
     235,  375.357
   235.1, 375.36959
   235.2, 375.38215
   235.3, 375.39469
   235.4, 375.40722
   235.5, 375.41972
   235.6, 375.4322
   235.7, 375.44467
   235.8, 375.45711
   235.9, 375.46953
     236, 375.48193
   236.1, 375.49431
   236.2, 375.50668
   236.3, 375.51902
   236.4, 375.53134
   236.5, 375.54364
   236.6, 375.55592
   236.7, 375.56818
   236.8, 375.58042
   236.9, 375.59265
     237, 375.60485
   237.1, 375.61703
   237.2, 375.62919
   237.3, 375.64133
   237.4, 375.65346
   237.5, 375.66556
   237.6, 375.67764
   237.7, 375.68971
   237.8, 375.70175
   237.9, 375.71378
     238, 375.72578
   238.1, 375.73777
   238.2, 375.74974
   238.3, 375.76168
   238.4, 375.77361
   238.5, 375.78552
   238.6, 375.79741
   238.7, 375.80928
   238.8, 375.82113
   238.9, 375.83297
     239, 375.84478
   239.1, 375.85657
   239.2, 375.86835
   239.3, 375.88011
   239.4, 375.89184
   239.5, 375.90356
   239.6, 375.91526
   239.7, 375.92694
   239.8, 375.93861
   239.9, 375.95025
     240, 375.96187
   240.1, 375.97348
   240.2, 375.98507
   240.3, 375.99664
   240.4, 376.00819
   240.5, 376.01972
   240.6, 376.03123
   240.7, 376.04273
   240.8, 376.05421
   240.9, 376.06566
     241, 376.07711
   241.1, 376.08853
   241.2, 376.09993
   241.3, 376.11132
   241.4, 376.12268
   241.5, 376.13403
   241.6, 376.14536
   241.7, 376.15668
   241.8, 376.16797
   241.9, 376.17925
     242, 376.19051
   242.1, 376.20175
   242.2, 376.21297
   242.3, 376.22418
   242.4, 376.23537
   242.5, 376.24654
   242.6, 376.25769
   242.7, 376.26882
   242.8, 376.27994
   242.9, 376.29104
     243, 376.30212
   243.1, 376.31318
   243.2, 376.32423
   243.3, 376.33526
   243.4, 376.34627
   243.5, 376.35726
   243.6, 376.36824
   243.7, 376.3792
   243.8, 376.39014
   243.9, 376.40107
     244, 376.41197
   244.1, 376.42286
   244.2, 376.43374
   244.3, 376.44459
   244.4, 376.45543
   244.5, 376.46625
   244.6, 376.47706
   244.7, 376.48785
   244.8, 376.49862
   244.9, 376.50937
     245, 376.52011
   245.1, 376.53083
   245.2, 376.54153
   245.3, 376.55221
   245.4, 376.56288
   245.5, 376.57353
   245.6, 376.58417
   245.7, 376.59479
   245.8, 376.60539
   245.9, 376.61598
     246, 376.62655
   246.1, 376.6371
   246.2, 376.64763
   246.3, 376.65815
   246.4, 376.66866
   246.5, 376.67914
   246.6, 376.68961
   246.7, 376.70007
   246.8, 376.7105
   246.9, 376.72092
     247, 376.73133
   247.1, 376.74172
   247.2, 376.75209
   247.3, 376.76245
   247.4, 376.77279
   247.5, 376.78311
   247.6, 376.79342
   247.7, 376.80371
   247.8, 376.81398
   247.9, 376.82424
     248, 376.83449
   248.1, 376.84471
   248.2, 376.85492
   248.3, 376.86512
   248.4, 376.8753
   248.5, 376.88546
   248.6, 376.89561
   248.7, 376.90574
   248.8, 376.91586
   248.9, 376.92596
     249, 376.93605
   249.1, 376.94612
   249.2, 376.95617
   249.3, 376.96621
   249.4, 376.97623
   249.5, 376.98624
   249.6, 376.99623
   249.7, 377.00621
   249.8, 377.01617
   249.9, 377.02611
     250, 377.03604
   250.1, 377.04596
   250.2, 377.05586
   250.3, 377.06574
   250.4, 377.07561
   250.5, 377.08547
   250.6, 377.0953
   250.7, 377.10513
   250.8, 377.11494
   250.9, 377.12473
     251, 377.13451
   251.1, 377.14427
   251.2, 377.15402
   251.3, 377.16375
   251.4, 377.17347
   251.5, 377.18317
   251.6, 377.19286
   251.7, 377.20253
   251.8, 377.21219
   251.9, 377.22183
     252, 377.23146
   252.1, 377.24108
   252.2, 377.25067
   252.3, 377.26026
   252.4, 377.26983
   252.5, 377.27938
   252.6, 377.28892
   252.7, 377.29845
   252.8, 377.30796
   252.9, 377.31746
     253, 377.32694
   253.1, 377.33641
   253.2, 377.34586
   253.3, 377.3553
   253.4, 377.36472
   253.5, 377.37413
   253.6, 377.38353
   253.7, 377.39291
   253.8, 377.40228
   253.9, 377.41163
     254, 377.42097
   254.1, 377.43029
   254.2, 377.4396
   254.3, 377.4489
   254.4, 377.45818
   254.5, 377.46744
   254.6, 377.4767
   254.7, 377.48594
   254.8, 377.49516
   254.9, 377.50437
     255, 377.51357
   255.1, 377.52275
   255.2, 377.53192
   255.3, 377.54108
   255.4, 377.55022
   255.5, 377.55935
   255.6, 377.56846
   255.7, 377.57756
   255.8, 377.58665
   255.9, 377.59572
     256, 377.60478
   256.1, 377.61382
   256.2, 377.62285
   256.3, 377.63187
   256.4, 377.64088
   256.5, 377.64987
   256.6, 377.65884
   256.7, 377.66781
   256.8, 377.67676
   256.9, 377.68569
     257, 377.69461
   257.1, 377.70352
   257.2, 377.71242
   257.3, 377.7213
   257.4, 377.73017
   257.5, 377.73903
   257.6, 377.74787
   257.7, 377.7567
   257.8, 377.76551
   257.9, 377.77432
     258, 377.78311
   258.1, 377.79188
   258.2, 377.80064
   258.3, 377.80939
   258.4, 377.81813
   258.5, 377.82685
   258.6, 377.83556
   258.7, 377.84426
   258.8, 377.85295
   258.9, 377.86162
     259, 377.87028
   259.1, 377.87892
   259.2, 377.88755
   259.3, 377.89617
   259.4, 377.90478
   259.5, 377.91337
   259.6, 377.92195
   259.7, 377.93052
   259.8, 377.93908
   259.9, 377.94762
     260, 377.95615
   260.1, 377.96467
   260.2, 377.97317
   260.3, 377.98166
   260.4, 377.99014
   260.5, 377.99861
   260.6, 378.00706
   260.7, 378.0155
   260.8, 378.02393
   260.9, 378.03235
     261, 378.04075
   261.1, 378.04914
   261.2, 378.05752
   261.3, 378.06589
   261.4, 378.07424
   261.5, 378.08258
   261.6, 378.09091
   261.7, 378.09923
   261.8, 378.10753
   261.9, 378.11582
     262, 378.1241
   262.1, 378.13237
   262.2, 378.14062
   262.3, 378.14887
   262.4, 378.1571
   262.5, 378.16532
   262.6, 378.17352
   262.7, 378.18172
   262.8, 378.1899
   262.9, 378.19807
     263, 378.20623
   263.1, 378.21437
   263.2, 378.22251
   263.3, 378.23063
   263.4, 378.23874
   263.5, 378.24684
   263.6, 378.25492
   263.7,  378.263
   263.8, 378.27106
   263.9, 378.27911
     264, 378.28715
   264.1, 378.29517
   264.2, 378.30319
   264.3, 378.31119
   264.4, 378.31918
   264.5, 378.32716
   264.6, 378.33513
   264.7, 378.34309
   264.8, 378.35103
   264.9, 378.35896
     265, 378.36688
   265.1, 378.37479
   265.2, 378.38269
   265.3, 378.39058
   265.4, 378.39845
   265.5, 378.40632
   265.6, 378.41417
   265.7, 378.42201
   265.8, 378.42984
   265.9, 378.43765
     266, 378.44546
   266.1, 378.45326
   266.2, 378.46104
   266.3, 378.46881
   266.4, 378.47657
   266.5, 378.48432
   266.6, 378.49206
   266.7, 378.49978
   266.8, 378.5075
   266.9, 378.5152
     267, 378.5229
   267.1, 378.53058
   267.2, 378.53825
   267.3, 378.54591
   267.4, 378.55355
   267.5, 378.56119
   267.6, 378.56882
   267.7, 378.57643
   267.8, 378.58404
   267.9, 378.59163
     268, 378.59921
   268.1, 378.60678
   268.2, 378.61434
   268.3, 378.62189
   268.4, 378.62943
   268.5, 378.63695
   268.6, 378.64447
   268.7, 378.65198
   268.8, 378.65947
   268.9, 378.66695
     269, 378.67443
   269.1, 378.68189
   269.2, 378.68934
   269.3, 378.69678
   269.4, 378.70421
   269.5, 378.71163
   269.6, 378.71903
   269.7, 378.72643
   269.8, 378.73382
   269.9, 378.74119
     270, 378.74856
   270.1, 378.75591
   270.2, 378.76326
   270.3, 378.77059
   270.4, 378.77791
   270.5, 378.78523
   270.6, 378.79253
   270.7, 378.79982
   270.8, 378.8071
   270.9, 378.81437
     271, 378.82163
   271.1, 378.82888
   271.2, 378.83612
   271.3, 378.84335
   271.4, 378.85057
   271.5, 378.85777
   271.6, 378.86497
   271.7, 378.87216
   271.8, 378.87934
   271.9, 378.8865
     272, 378.89366
   272.1, 378.90081
   272.2, 378.90794
   272.3, 378.91507
   272.4, 378.92218
   272.5, 378.92929
   272.6, 378.93638
   272.7, 378.94347
   272.8, 378.95054
   272.9, 378.95761
     273, 378.96466
   273.1, 378.97171
   273.2, 378.97874
   273.3, 378.98577
   273.4, 378.99278
   273.5, 378.99979
   273.6, 379.00678
   273.7, 379.01377
   273.8, 379.02074
   273.9, 379.02771
     274, 379.03466
   274.1, 379.04161
   274.2, 379.04854
   274.3, 379.05547
   274.4, 379.06238
   274.5, 379.06929
   274.6, 379.07619
   274.7, 379.08307
   274.8, 379.08995
   274.9, 379.09681
     275, 379.10367
   275.1, 379.11052
   275.2, 379.11736
   275.3, 379.12418
   275.4,  379.131
   275.5, 379.13781
   275.6, 379.14461
   275.7, 379.1514
   275.8, 379.15818
   275.9, 379.16495
     276, 379.17171
   276.1, 379.17846
   276.2, 379.1852
   276.3, 379.19193
   276.4, 379.19865
   276.5, 379.20537
   276.6, 379.21207
   276.7, 379.21877
   276.8, 379.22545
   276.9, 379.23212
     277, 379.23879
   277.1, 379.24545
   277.2, 379.25209
   277.3, 379.25873
   277.4, 379.26536
   277.5, 379.27198
   277.6, 379.27859
   277.7, 379.28519
   277.8, 379.29178
   277.9, 379.29836
     278, 379.30493
   278.1, 379.3115
   278.2, 379.31805
   278.3, 379.3246
   278.4, 379.33113
   278.5, 379.33766
   278.6, 379.34418
   278.7, 379.35069
   278.8, 379.35718
   278.9, 379.36367
     279, 379.37016
   279.1, 379.37663
   279.2, 379.38309
   279.3, 379.38954
   279.4, 379.39599
   279.5, 379.40243
   279.6, 379.40885
   279.7, 379.41527
   279.8, 379.42168
   279.9, 379.42808
     280, 379.43447
   280.1, 379.44085
   280.2, 379.44723
   280.3, 379.45359
   280.4, 379.45995
   280.5, 379.46629
   280.6, 379.47263
   280.7, 379.47896
   280.8, 379.48528
   280.9, 379.49159
     281, 379.4979
   281.1, 379.50419
   281.2, 379.51047
   281.3, 379.51675
   281.4, 379.52302
   281.5, 379.52928
   281.6, 379.53553
   281.7, 379.54177
   281.8,  379.548
   281.9, 379.55423
     282, 379.56044
   282.1, 379.56665
   282.2, 379.57285
   282.3, 379.57904
   282.4, 379.58522
   282.5, 379.59139
   282.6, 379.59756
   282.7, 379.60372
   282.8, 379.60986
   282.9,  379.616
     283, 379.62213
   283.1, 379.62825
   283.2, 379.63437
   283.3, 379.64047
   283.4, 379.64657
   283.5, 379.65266
   283.6, 379.65874
   283.7, 379.66481
   283.8, 379.67087
   283.9, 379.67693
     284, 379.68297
   284.1, 379.68901
   284.2, 379.69504
   284.3, 379.70106
   284.4, 379.70708
   284.5, 379.71308
   284.6, 379.71908
   284.7, 379.72507
   284.8, 379.73105
   284.9, 379.73702
     285, 379.74298
   285.1, 379.74894
   285.2, 379.75489
   285.3, 379.76083
   285.4, 379.76676
   285.5, 379.77268
   285.6, 379.7786
   285.7, 379.7845
   285.8, 379.7904
   285.9, 379.79629
     286, 379.80218
   286.1, 379.80805
   286.2, 379.81392
   286.3, 379.81978
   286.4, 379.82563
   286.5, 379.83147
   286.6, 379.83731
   286.7, 379.84313
   286.8, 379.84895
   286.9, 379.85476
     287, 379.86057
   287.1, 379.86636
   287.2, 379.87215
   287.3, 379.87793
   287.4, 379.8837
   287.5, 379.88946
   287.6, 379.89522
   287.7, 379.90097
   287.8, 379.90671
   287.9, 379.91244
     288, 379.91816
   288.1, 379.92388
   288.2, 379.92959
   288.3, 379.93529
   288.4, 379.94098
   288.5, 379.94667
   288.6, 379.95235
   288.7, 379.95802
   288.8, 379.96368
   288.9, 379.96934
     289, 379.97498
   289.1, 379.98062
   289.2, 379.98626
   289.3, 379.99188
   289.4, 379.9975
   289.5, 380.00311
   289.6, 380.00871
   289.7, 380.0143
   289.8, 380.01989
   289.9, 380.02547
     290, 380.03104
   290.1, 380.0366
   290.2, 380.04216
   290.3, 380.04771
   290.4, 380.05325
   290.5, 380.05879
   290.6, 380.06431
   290.7, 380.06983
   290.8, 380.07534
   290.9, 380.08085
     291, 380.08635
   291.1, 380.09184
   291.2, 380.09732
   291.3, 380.10279
   291.4, 380.10826
   291.5, 380.11372
   291.6, 380.11917
   291.7, 380.12462
   291.8, 380.13006
   291.9, 380.13549
     292, 380.14091
   292.1, 380.14633
   292.2, 380.15174
   292.3, 380.15714
   292.4, 380.16253
   292.5, 380.16792
   292.6, 380.1733
   292.7, 380.17867
   292.8, 380.18404
   292.9, 380.1894
     293, 380.19475
   293.1, 380.20009
   293.2, 380.20543
   293.3, 380.21076
   293.4, 380.21608
   293.5, 380.2214
   293.6, 380.22671
   293.7, 380.23201
   293.8, 380.23731
   293.9, 380.24259
     294, 380.24787
   294.1, 380.25315
   294.2, 380.25841
   294.3, 380.26367
   294.4, 380.26893
   294.5, 380.27417
   294.6, 380.27941
   294.7, 380.28464
   294.8, 380.28987
   294.9, 380.29508
     295, 380.30029
   295.1, 380.3055
   295.2, 380.3107
   295.3, 380.31589
   295.4, 380.32107
   295.5, 380.32624
   295.6, 380.33141
   295.7, 380.33658
   295.8, 380.34173
   295.9, 380.34688
     296, 380.35202
   296.1, 380.35716
   296.2, 380.36229
   296.3, 380.36741
   296.4, 380.37252
   296.5, 380.37763
   296.6, 380.38273
   296.7, 380.38783
   296.8, 380.39292
   296.9,  380.398
     297, 380.40307
   297.1, 380.40814
   297.2, 380.4132
   297.3, 380.41826
   297.4, 380.4233
   297.5, 380.42834
   297.6, 380.43338
   297.7, 380.43841
   297.8, 380.44343
   297.9, 380.44844
     298, 380.45345
   298.1, 380.45845
   298.2, 380.46345
   298.3, 380.46844
   298.4, 380.47342
   298.5, 380.47839
   298.6, 380.48336
   298.7, 380.48832
   298.8, 380.49328
   298.9, 380.49823
     299, 380.50317
   299.1, 380.50811
   299.2, 380.51304
   299.3, 380.51796
   299.4, 380.52288
   299.5, 380.52779
   299.6, 380.53269
   299.7, 380.53759
   299.8, 380.54248
   299.9, 380.54736
     300, 380.55224
