     4.2, 796.66719
     4.3, 815.3547
     4.4, 834.01568
     4.5, 852.64892
     4.6, 871.25319
     4.7, 889.82722
     4.8, 908.36974
     4.9, 926.87943
       5, 945.35497
     5.1, 963.79501
     5.2, 982.19818
     5.3, 1000.5631
     5.4, 1018.8883
     5.5, 1037.1724
     5.6, 1055.414
     5.7, 1073.6115
     5.8, 1091.7635
     5.9, 1109.8684
       6, 1127.9248
     6.1, 1145.9311
     6.2, 1163.8857
     6.3, 1181.7871
     6.4, 1199.6337
     6.5, 1217.4239
     6.6, 1235.156
     6.7, 1252.8284
     6.8, 1270.4395
     6.9, 1287.9877
       7, 1305.4712
     7.1, 1322.8884
     7.2, 1340.2376
     7.3, 1357.5172
     7.4, 1374.7253
     7.5, 1391.8603
     7.6, 1408.9206
     7.7, 1425.9042
     7.8, 1442.8097
     7.9, 1459.6351
       8, 1476.3788
     8.1, 1493.039
     8.2, 1509.6141
     8.3, 1526.1022
     8.4, 1542.5016
     8.5, 1558.8106
     8.6, 1575.0274
     8.7, 1591.1504
     8.8, 1607.1777
     8.9, 1623.1077
       9, 1638.9387
     9.1, 1654.6688
     9.2, 1670.2965
     9.3,  1685.82
     9.4, 1701.2376
     9.5, 1716.5477
     9.6, 1731.7485
     9.7, 1746.8384
     9.8, 1761.8158
     9.9, 1776.6791
      10, 1791.4265
    10.1, 1806.0566
    10.2, 1820.5676
    10.3, 1834.9581
    10.4, 1849.2265
    10.5, 1863.3713
    10.6, 1877.3908
    10.7, 1891.2837
    10.8, 1905.0485
    10.9, 1918.6836
      11, 1932.1877
    11.1, 1945.5594
    11.2, 1958.7972
    11.3, 1971.8999
    11.4, 1984.866
    11.5, 1997.6942
    11.6, 2010.3834
    11.7, 2022.9321
    11.8, 2035.3393
    11.9, 2047.6036
      12, 2059.7239
    12.1, 2071.6991
    12.2, 2083.5281
    12.3, 2095.2097
    12.4, 2106.743
    12.5, 2118.1269
    12.6, 2129.3605
    12.7, 2140.4428
    12.8, 2151.3728
    12.9, 2162.1497
      13, 2172.7727
    13.1, 2183.2409
    13.2, 2193.5536
    13.3,  2203.71
    13.4, 2213.7094
    13.5, 2223.5512
    13.6, 2233.2347
    13.7, 2242.7593
    13.8, 2252.1245
    13.9, 2261.3297
      14, 2270.3745
    14.1, 2279.2584
    14.2, 2287.9811
    14.3, 2296.5421
    14.4, 2304.9411
    14.5, 2313.1778
    14.6, 2321.252
    14.7, 2329.1635
    14.8, 2336.912
    14.9, 2344.4975
      15, 2351.9198
    15.1, 2359.1788
    15.2, 2366.2746
    15.3, 2373.2072
    15.4, 2379.9765
    15.5, 2386.5828
    15.6, 2393.026
    15.7, 2399.3064
    15.8, 2405.4242
    15.9, 2411.3795
      16, 2417.1727
    16.1, 2422.8041
    16.2, 2428.2739
    16.3, 2433.5827
    16.4, 2438.7307
    16.5, 2443.7184
    16.6, 2448.5463
    16.7, 2453.215
    16.8, 2457.7248
    16.9, 2462.0765
      17, 2466.2706
    17.1, 2470.3078
    17.2, 2474.1887
    17.3, 2477.9141
    17.4, 2481.4846
    17.5, 2484.901
    17.6, 2488.1641
    17.7, 2491.2747
    17.8, 2494.2337
    17.9, 2497.0419
      18, 2499.7002
    18.1, 2502.2095
    18.2, 2504.5709
    18.3, 2506.7852
    18.4, 2508.8535
    18.5, 2510.7767
    18.6, 2512.5559
    18.7, 2514.1922
    18.8, 2515.6867
    18.9, 2517.0404
      19, 2518.2545
    19.1, 2519.3301
    19.2, 2520.2685
    19.3, 2521.0706
    19.4, 2521.7379
    19.5, 2522.2714
    19.6, 2522.6725
    19.7, 2522.9423
    19.8, 2523.0821
    19.9, 2523.0932
      20, 2522.9769
    20.1, 2522.7344
    20.2, 2522.3672
    20.3, 2521.8765
    20.4, 2521.2636
    20.5, 2520.5299
    20.6, 2519.6767
    20.7, 2518.7055
    20.8, 2517.6175
    20.9, 2516.4143
      21, 2515.097
    21.1, 2513.6672
    21.2, 2512.1262
    21.3, 2510.4755
    21.4, 2508.7164
    21.5, 2506.8503
    21.6, 2504.8788
    21.7, 2502.8031
    21.8, 2500.6248
    21.9, 2498.3452
      22, 2495.9657
    22.1, 2493.4879
    22.2, 2490.913
    22.3, 2488.2426
    22.4, 2485.4781
    22.5, 2482.6208
    22.6, 2479.6723
    22.7, 2476.6339
    22.8, 2473.507
    22.9, 2470.2931
      23, 2466.9936
    23.1, 2463.6099
    23.2, 2460.1433
    23.3, 2456.5954
    23.4, 2452.9674
    23.5, 2449.2608
    23.6, 2445.4769
    23.7, 2441.6172
    23.8, 2437.683
    23.9, 2433.6756
      24, 2429.5965
    24.1, 2425.4469
    24.2, 2421.2283
    24.3, 2416.9419
    24.4, 2412.5891
    24.5, 2408.1712
    24.6, 2403.6895
    24.7, 2399.1453
    24.8, 2394.5399
    24.9, 2389.8745
      25, 2385.1506
    25.1, 2380.3692
    25.2, 2375.5317
    25.3, 2370.6394
    25.4, 2365.6933
    25.5, 2360.6949
    25.6, 2355.6452
    25.7, 2350.5455
    25.8, 2345.397
    25.9, 2340.2008
      26, 2334.9581
    26.1, 2329.6701
    26.2, 2324.3378
    26.3, 2318.9626
    26.4, 2313.5454
    26.5, 2308.0873
    26.6, 2302.5896
    26.7, 2297.0532
    26.8, 2291.4792
    26.9, 2285.8687
      27, 2280.2227
    27.1, 2274.5423
    27.2, 2268.8285
    27.3, 2263.0824
    27.4, 2257.3048
    27.5, 2251.4968
    27.6, 2245.6594
    27.7, 2239.7936
    27.8, 2233.9002
    27.9, 2227.9803
      28, 2222.0347
    28.1, 2216.0643
    28.2, 2210.0702
    28.3, 2204.0531
    28.4, 2198.0139
    28.5, 2191.9535
    28.6, 2185.8728
    28.7, 2179.7726
    28.8, 2173.6537
    28.9, 2167.5169
      29, 2161.3631
    29.1, 2155.193
    29.2, 2149.0075
    29.3, 2142.8072
    29.4, 2136.5929
    29.5, 2130.3655
    29.6, 2124.1256
    29.7, 2117.8739
    29.8, 2111.6111
    29.9, 2105.3381
      30, 2099.0553
    30.1, 2092.7636
    30.2, 2086.4636
    30.3, 2080.1559
    30.4, 2073.8412
    30.5, 2067.5201
    30.6, 2061.1932
    30.7, 2054.8612
    30.8, 2048.5246
    30.9, 2042.1841
      31, 2035.8402
    31.1, 2029.4934
    31.2, 2023.1445
    31.3, 2016.7938
    31.4, 2010.4419
    31.5, 2004.0894
    31.6, 1997.7368
    31.7, 1991.3845
    31.8, 1985.0332
    31.9, 1978.6832
      32, 1972.3351
    32.1, 1965.9893
    32.2, 1959.6463
    32.3, 1953.3065
    32.4, 1946.9705
    32.5, 1940.6385
    32.6, 1934.3111
    32.7, 1927.9886
    32.8, 1921.6716
    32.9, 1915.3602
      33, 1909.0551
    33.1, 1902.7565
    33.2, 1896.4648
    33.3, 1890.1804
    33.4, 1883.9037
    33.5, 1877.6349
    33.6, 1871.3745
    33.7, 1865.1228
    33.8,  1858.88
    33.9, 1852.6466
      34, 1846.4228
    34.1, 1840.209
    34.2, 1834.0054
    34.3, 1827.8124
    34.4, 1821.6302
    34.5, 1815.4591
    34.6, 1809.2993
    34.7, 1803.1512
    34.8, 1797.015
    34.9, 1790.8909
      35, 1784.7792
    35.1, 1778.6802
    35.2, 1772.594
    35.3, 1766.5209
    35.4, 1760.4611
    35.5, 1754.4149
    35.6, 1748.3823
    35.7, 1742.3638
    35.8, 1736.3593
    35.9, 1730.3692
      36, 1724.3937
    36.1, 1718.4328
    36.2, 1712.4868
    36.3, 1706.5558
    36.4, 1700.6401
    36.5, 1694.7397
    36.6, 1688.8549
    36.7, 1682.9858
    36.8, 1677.1325
    36.9, 1671.2951
      37, 1665.4739
    37.1, 1659.669
    37.2, 1653.8804
    37.3, 1648.1083
    37.4, 1642.3528
    37.5, 1636.6141
    37.6, 1630.8923
    37.7, 1625.1873
    37.8, 1619.4995
    37.9, 1613.8288
      38, 1608.1754
    38.1, 1602.5393
    38.2, 1596.9207
    38.3, 1591.3196
    38.4, 1585.7361
    38.5, 1580.1703
    38.6, 1574.6222
    38.7, 1569.092
    38.8, 1563.5797
    38.9, 1558.0854
      39, 1552.609
    39.1, 1547.1508
    39.2, 1541.7107
    39.3, 1536.2889
    39.4, 1530.8852
    39.5, 1525.4999
    39.6, 1520.1329
    39.7, 1514.7843
    39.8, 1509.4541
    39.9, 1504.1423
      40, 1498.8491
    40.1, 1493.5743
    40.2, 1488.3181
    40.3, 1483.0805
    40.4, 1477.8615
    40.5, 1472.6611
    40.6, 1467.4794
    40.7, 1462.3163
    40.8, 1457.1718
    40.9, 1452.0461
      41, 1446.9391
    41.1, 1441.8507
    41.2, 1436.7811
    41.3, 1431.7302
    41.4, 1426.698
    41.5, 1421.6845
    41.6, 1416.6897
    41.7, 1411.7137
    41.8, 1406.7564
    41.9, 1401.8177
      42, 1396.8978
    42.1, 1391.9965
    42.2, 1387.114
    42.3, 1382.2501
    42.4, 1377.4048
    42.5, 1372.5782
    42.6, 1367.7702
    42.7, 1362.9808
    42.8, 1358.2099
    42.9, 1353.4576
      43, 1348.7239
    43.1, 1344.0087
    43.2, 1339.3119
    43.3, 1334.6336
    43.4, 1329.9738
    43.5, 1325.3323
    43.6, 1320.7092
    43.7, 1316.1045
    43.8, 1311.5181
    43.9, 1306.9499
      44,   1302.4
    44.1, 1297.8683
    44.2, 1293.3548
    44.3, 1288.8594
    44.4, 1284.3821
    44.5, 1279.9229
    44.6, 1275.4816
    44.7, 1271.0584
    44.8, 1266.6531
    44.9, 1262.2657
      45, 1257.8961
    45.1, 1253.5444
    45.2, 1249.2104
    45.3, 1244.8942
    45.4, 1240.5956
    45.5, 1236.3146
    45.6, 1232.0513
    45.7, 1227.8054
    45.8, 1223.5771
    45.9, 1219.3662
      46, 1215.1726
    46.1, 1210.9965
    46.2, 1206.8376
    46.3, 1202.6959
    46.4, 1198.5714
    46.5, 1194.4641
    46.6, 1190.3738
    46.7, 1186.3006
    46.8, 1182.2443
    46.9, 1178.205
      47, 1174.1825
    47.1, 1170.1769
    47.2, 1166.188
    47.3, 1162.2158
    47.4, 1158.2602
    47.5, 1154.3213
    47.6, 1150.3989
    47.7, 1146.493
    47.8, 1142.6034
    47.9, 1138.7303
      48, 1134.8735
    48.1, 1131.0329
    48.2, 1127.2085
    48.3, 1123.4003
    48.4, 1119.6081
    48.5, 1115.832
    48.6, 1112.0718
    48.7, 1108.3275
    48.8, 1104.5991
    48.9, 1100.8864
      49, 1097.1895
    49.1, 1093.5083
    49.2, 1089.8426
    49.3, 1086.1925
    49.4, 1082.5579
    49.5, 1078.9388
    49.6, 1075.335
    49.7, 1071.7465
    49.8, 1068.1732
    49.9, 1064.6152
      50, 1061.0723
    50.1, 1057.5444
    50.2, 1054.0316
    50.3, 1050.5337
    50.4, 1047.0507
    50.5, 1043.5825
    50.6, 1040.1291
    50.7, 1036.6904
    50.8, 1033.2664
    50.9, 1029.8569
      51, 1026.462
    51.1, 1023.0816
    51.2, 1019.7155
    51.3, 1016.3638
    51.4, 1013.0264
    51.5, 1009.7032
    51.6, 1006.3942
    51.7, 1003.0993
    51.8, 999.81843
    51.9, 996.55155
      52, 993.2986
    52.1, 990.05953
    52.2, 986.83426
    52.3, 983.62274
    52.4, 980.42491
    52.5, 977.24071
    52.6, 974.07008
    52.7, 970.91296
    52.8, 967.7693
    52.9, 964.63903
      53, 961.52209
    53.1, 958.41843
    53.2, 955.32799
    53.3, 952.2507
    53.4, 949.18652
    53.5, 946.13538
    53.6, 943.09722
    53.7, 940.07199
    53.8, 937.05963
    53.9, 934.06007
      54, 931.07327
    54.1, 928.09917
    54.2, 925.1377
    54.3, 922.18882
    54.4, 919.25246
    54.5, 916.32856
    54.6, 913.41708
    54.7, 910.51795
    54.8, 907.63111
    54.9, 904.75652
      55, 901.89411
    55.1, 899.04384
    55.2, 896.20563
    55.3, 893.37945
    55.4, 890.56522
    55.5, 887.76291
    55.6, 884.97244
    55.7, 882.19378
    55.8, 879.42686
    55.9, 876.67162
      56, 873.92802
    56.1,  871.196
    56.2, 868.47551
    56.3, 865.76649
    56.4, 863.06889
    56.5, 860.38265
    56.6, 857.70773
    56.7, 855.04407
    56.8, 852.39161
    56.9, 849.75031
      57, 847.12011
    57.1, 844.50096
    57.2, 841.8928
    57.3, 839.29559
    57.4, 836.70928
    57.5, 834.13381
    57.6, 831.56913
    57.7, 829.01519
    57.8, 826.47194
    57.9, 823.93933
      58, 821.41731
    58.1, 818.90583
    58.2, 816.40483
    58.3, 813.91428
    58.4, 811.43411
    58.5, 808.96429
    58.6, 806.50475
    58.7, 804.05546
    58.8, 801.61636
    58.9, 799.1874
      59, 796.76854
    59.1, 794.35972
    59.2, 791.96091
    59.3, 789.57205
    59.4, 787.19309
    59.5, 784.82399
    59.6, 782.4647
    59.7, 780.11517
    59.8, 777.77536
    59.9, 775.44522
      60, 773.12471
    60.1, 770.81376
    60.2, 768.51236
    60.3, 766.22043
    60.4, 763.93795
    60.5, 761.66486
    60.6, 759.40112
    60.7, 757.14669
    60.8, 754.90152
    60.9, 752.66556
      61, 750.43877
    61.1, 748.22112
    61.2, 746.01254
    61.3, 743.81301
    61.4, 741.62247
    61.5, 739.44088
    61.6, 737.26821
    61.7, 735.1044
    61.8, 732.94941
    61.9, 730.80321
      62, 728.66575
    62.1, 726.53699
    62.2, 724.41688
    62.3, 722.30539
    62.4, 720.20247
    62.5, 718.10808
    62.6, 716.02218
    62.7, 713.94473
    62.8, 711.87569
    62.9, 709.81502
      63, 707.76267
    63.1, 705.71862
    63.2, 703.68281
    63.3, 701.65521
    63.4, 699.63578
    63.5, 697.62448
    63.6, 695.62127
    63.7, 693.62611
    63.8, 691.63897
    63.9, 689.6598
      64, 687.68856
    64.1, 685.72523
    64.2, 683.76975
    64.3, 681.8221
    64.4, 679.88222
    64.5, 677.9501
    64.6, 676.02569
    64.7, 674.10895
    64.8, 672.19984
    64.9, 670.29833
      65, 668.40439
    65.1, 666.51797
    65.2, 664.63905
    65.3, 662.76757
    65.4, 660.90352
    65.5, 659.04685
    65.6, 657.19753
    65.7, 655.35551
    65.8, 653.52078
    65.9, 651.69329
      66, 649.87301
    66.1, 648.0599
    66.2, 646.25392
    66.3, 644.45506
    66.4, 642.66326
    66.5, 640.8785
    66.6, 639.10074
    66.7, 637.32996
    66.8, 635.56611
    66.9, 633.80916
      67, 632.05908
    67.1, 630.31584
    67.2, 628.57941
    67.3, 626.84975
    67.4, 625.12682
    67.5, 623.41061
    67.6, 621.70107
    67.7, 619.99818
    67.8, 618.3019
    67.9, 616.6122
      68, 614.92905
    68.1, 613.25242
    68.2, 611.58227
    68.3, 609.91858
    68.4, 608.26132
    68.5, 606.61046
    68.6, 604.96596
    68.7, 603.32779
    68.8, 601.69593
    68.9, 600.07035
      69, 598.45101
    69.1, 596.83788
    69.2, 595.23095
    69.3, 593.63017
    69.4, 592.03552
    69.5, 590.44696
    69.6, 588.86448
    69.7, 587.28804
    69.8, 585.71761
    69.9, 584.15317
      70, 582.59468
    70.1, 581.04213
    70.2, 579.49547
    70.3, 577.95468
    70.4, 576.41974
    70.5, 574.89062
    70.6, 573.36729
    70.7, 571.84972
    70.8, 570.33789
    70.9, 568.83177
      71, 567.33133
    71.1, 565.83654
    71.2, 564.34739
    71.3, 562.86383
    71.4, 561.38586
    71.5, 559.91343
    71.6, 558.44653
    71.7, 556.98513
    71.8, 555.5292
    71.9, 554.07872
      72, 552.63366
    72.1,  551.194
    72.2, 549.75971
    72.3, 548.33076
    72.4, 546.90714
    72.5, 545.48882
    72.6, 544.07577
    72.7, 542.66796
    72.8, 541.26538
    72.9,  539.868
      73, 538.4758
    73.1, 537.08874
    73.2, 535.70682
    73.3,   534.33
    73.4, 532.95825
    73.5, 531.59157
    73.6, 530.22992
    73.7, 528.87327
    73.8, 527.52162
    73.9, 526.17493
      74, 524.83318
    74.1, 523.49635
    74.2, 522.16441
    74.3, 520.83735
    74.4, 519.51514
    74.5, 518.19776
    74.6, 516.88518
    74.7, 515.57739
    74.8, 514.27436
    74.9, 512.97607
      75, 511.6825
    75.1, 510.39363
    75.2, 509.10943
    75.3, 507.82989
    75.4, 506.55498
    75.5, 505.28469
    75.6, 504.01898
    75.7, 502.75785
    75.8, 501.50126
    75.9, 500.24921
      76, 499.00166
    76.1, 497.7586
    76.2,   496.52
    76.3, 495.28586
    76.4, 494.05614
    76.5, 492.83082
    76.6, 491.6099
    76.7, 490.39334
    76.8, 489.18113
    76.9, 487.97324
      77, 486.76967
    77.1, 485.57038
    77.2, 484.37536
    77.3, 483.1846
    77.4, 481.99806
    77.5, 480.81573
    77.6, 479.6376
    77.7, 478.46364
    77.8, 477.29384
    77.9, 476.12818
      78, 474.96663
    78.1, 473.80918
    78.2, 472.65582
    78.3, 471.50651
    78.4, 470.36126
    78.5, 469.22002
    78.6, 468.0828
    78.7, 466.94957
    78.8, 465.82031
    78.9, 464.69501
      79, 463.57365
    79.1, 462.45621
    79.2, 461.34267
    79.3, 460.23301
    79.4, 459.12722
    79.5, 458.02529
    79.6, 456.92719
    79.7, 455.83291
    79.8, 454.74242
    79.9, 453.65573
      80, 452.57279
    80.1, 451.49361
    80.2, 450.41816
    80.3, 449.34643
    80.4, 448.2784
    80.5, 447.21406
    80.6, 446.15338
    80.7, 445.09636
    80.8, 444.04297
    80.9, 442.9932
      81, 441.94704
    81.1, 440.90447
    81.2, 439.86547
    81.3, 438.83002
    81.4, 437.79812
    81.5, 436.76974
    81.6, 435.74488
    81.7, 434.72351
    81.8, 433.70562
    81.9, 432.6912
      82, 431.68023
    82.1, 430.67269
    82.2, 429.66857
    82.3, 428.66786
    82.4, 427.67054
    82.5, 426.67659
    82.6, 425.68601
    82.7, 424.69877
    82.8, 423.71486
    82.9, 422.73428
      83, 421.75699
    83.1,  420.783
    83.2, 419.81228
    83.3, 418.84482
    83.4, 417.88061
    83.5, 416.91963
    83.6, 415.96188
    83.7, 415.00732
    83.8, 414.05596
    83.9, 413.10778
      84, 412.16276
    84.1, 411.22089
    84.2, 410.28216
    84.3, 409.34655
    84.4, 408.41406
    84.5, 407.48466
    84.6, 406.55834
    84.7, 405.6351
    84.8, 404.71491
    84.9, 403.79777
      85, 402.88366
    85.1, 401.97257
    85.2, 401.06449
    85.3, 400.1594
    85.4, 399.25729
    85.5, 398.35815
    85.6, 397.46197
    85.7, 396.56872
    85.8, 395.67841
    85.9, 394.79102
      86, 393.90653
    86.1, 393.02494
    86.2, 392.14623
    86.3, 391.27039
    86.4, 390.39741
    86.5, 389.52727
    86.6, 388.65996
    86.7, 387.79548
    86.8, 386.93381
    86.9, 386.07493
      87, 385.21885
    87.1, 384.36553
    87.2, 383.51498
    87.3, 382.66718
    87.4, 381.82213
    87.5, 380.9798
    87.6, 380.14018
    87.7, 379.30328
    87.8, 378.46907
    87.9, 377.63754
      88, 376.80869
    88.1, 375.98249
    88.2, 375.15895
    88.3, 374.33805
    88.4, 373.51977
    88.5, 372.70412
    88.6, 371.89107
    88.7, 371.08062
    88.8, 370.27275
    88.9, 369.46746
      89, 368.66473
    89.1, 367.86455
    89.2, 367.06692
    89.3, 366.27182
    89.4, 365.47925
    89.5, 364.68918
    89.6, 363.90162
    89.7, 363.11655
    89.8, 362.33396
    89.9, 361.55384
      90, 360.77618
    90.1, 360.00098
    90.2, 359.22821
    90.3, 358.45788
    90.4, 357.68997
    90.5, 356.92447
    90.6, 356.16137
    90.7, 355.40066
    90.8, 354.64233
    90.9, 353.88638
      91, 353.13279
    91.1, 352.38156
    91.2, 351.63266
    91.3, 350.88611
    91.4, 350.14187
    91.5, 349.39996
    91.6, 348.66035
    91.7, 347.92303
    91.8, 347.18801
    91.9, 346.45526
      92, 345.72478
    92.1, 344.99656
    92.2, 344.2706
    92.3, 343.54687
    92.4, 342.82538
    92.5, 342.10612
    92.6, 341.38907
    92.7, 340.67422
    92.8, 339.96158
    92.9, 339.25112
      93, 338.54284
    93.1, 337.83674
    93.2, 337.13279
    93.3, 336.43101
    93.4, 335.73137
    93.5, 335.03386
    93.6, 334.33849
    93.7, 333.64523
    93.8, 332.95409
    93.9, 332.26505
      94, 331.57811
    94.1, 330.89325
    94.2, 330.21047
    94.3, 329.52976
    94.4, 328.85112
    94.5, 328.17453
    94.6, 327.49999
    94.7, 326.82748
    94.8, 326.15701
    94.9, 325.48856
      95, 324.82212
    95.1, 324.15769
    95.2, 323.49525
    95.3, 322.83481
    95.4, 322.17635
    95.5, 321.51987
    95.6, 320.86536
    95.7, 320.2128
    95.8, 319.5622
    95.9, 318.91354
      96, 318.26682
    96.1, 317.62203
    96.2, 316.97916
    96.3, 316.33821
    96.4, 315.69916
    96.5, 315.06202
    96.6, 314.42676
    96.7, 313.79339
    96.8, 313.1619
    96.9, 312.53228
      97, 311.90453
    97.1, 311.27863
    97.2, 310.65458
    97.3, 310.03237
    97.4,  309.412
    97.5, 308.79345
    97.6, 308.17673
    97.7, 307.56182
    97.8, 306.94872
    97.9, 306.33742
      98, 305.72791
    98.1, 305.12019
    98.2, 304.51424
    98.3, 303.91007
    98.4, 303.30767
    98.5, 302.70703
    98.6, 302.10813
    98.7, 301.51099
    98.8, 300.91558
    98.9, 300.32191
      99, 299.72996
    99.1, 299.13974
    99.2, 298.55122
    99.3, 297.96441
    99.4, 297.37931
    99.5, 296.79589
    99.6, 296.21417
    99.7, 295.63412
    99.8, 295.05575
    99.9, 294.47905
     100, 293.90401
   100.1, 293.71587
   100.2, 293.52873
   100.3, 293.34256
   100.4, 293.15738
   100.5, 292.97316
   100.6, 292.78992
   100.7, 292.60763
   100.8, 292.4263
   100.9, 292.24592
     101, 292.06649
   101.1,  291.888
   101.2, 291.71044
   101.3, 291.53381
   101.4, 291.35811
   101.5, 291.18332
   101.6, 291.00945
   101.7, 290.83649
   101.8, 290.66443
   101.9, 290.49327
     102,  290.323
   102.1, 290.15362
   102.2, 289.98513
   102.3, 289.81751
   102.4, 289.65077
   102.5, 289.48489
   102.6, 289.31988
   102.7, 289.15573
   102.8, 288.99243
   102.9, 288.82999
     103, 288.66838
   103.1, 288.50762
   103.2, 288.34769
   103.3, 288.18859
   103.4, 288.03032
   103.5, 287.87287
   103.6, 287.71624
   103.7, 287.56041
   103.8, 287.4054
   103.9, 287.25119
     104, 287.09778
   104.1, 286.94516
   104.2, 286.79333
   104.3, 286.64228
   104.4, 286.49202
   104.5, 286.34254
   104.6, 286.19382
   104.7, 286.04588
   104.8, 285.89869
   104.9, 285.75227
     105, 285.6066
   105.1, 285.46169
   105.2, 285.31752
   105.3, 285.17409
   105.4, 285.0314
   105.5, 284.88945
   105.6, 284.74823
   105.7, 284.60773
   105.8, 284.46796
   105.9, 284.3289
     106, 284.19056
   106.1, 284.05293
   106.2,  283.916
   106.3, 283.77978
   106.4, 283.64426
   106.5, 283.50943
   106.6, 283.37529
   106.7, 283.24184
   106.8, 283.10907
   106.9, 282.97698
     107, 282.84557
   107.1, 282.71483
   107.2, 282.58476
   107.3, 282.45536
   107.4, 282.32661
   107.5, 282.19852
   107.6, 282.07109
   107.7, 281.94431
   107.8, 281.81817
   107.9, 281.69267
     108, 281.56782
   108.1, 281.4436
   108.2, 281.32002
   108.3, 281.19706
   108.4, 281.07473
   108.5, 280.95302
   108.6, 280.83193
   108.7, 280.71145
   108.8, 280.59159
   108.9, 280.47234
     109, 280.35369
   109.1, 280.23564
   109.2, 280.11819
   109.3, 280.00134
   109.4, 279.88508
   109.5, 279.76941
   109.6, 279.65432
   109.7, 279.53982
   109.8, 279.42589
   109.9, 279.31255
     110, 279.19977
   110.1, 279.08757
   110.2, 278.97593
   110.3, 278.86485
   110.4, 278.75434
   110.5, 278.64438
   110.6, 278.53498
   110.7, 278.42613
   110.8, 278.31783
   110.9, 278.21007
     111, 278.10286
   111.1, 277.99618
   111.2, 277.89005
   111.3, 277.78444
   111.4, 277.67937
   111.5, 277.57482
   111.6, 277.4708
   111.7, 277.3673
   111.8, 277.26432
   111.9, 277.16186
     112, 277.05991
   112.1, 276.95848
   112.2, 276.85755
   112.3, 276.75712
   112.4, 276.6572
   112.5, 276.55778
   112.6, 276.45886
   112.7, 276.36043
   112.8, 276.26249
   112.9, 276.16504
     113, 276.06808
   113.1, 275.9716
   113.2, 275.87561
   113.3, 275.78009
   113.4, 275.68505
   113.5, 275.59048
   113.6, 275.49638
   113.7, 275.40275
   113.8, 275.30959
   113.9, 275.21689
     114, 275.12465
   114.1, 275.03287
   114.2, 274.94155
   114.3, 274.85068
   114.4, 274.76026
   114.5, 274.67029
   114.6, 274.58077
   114.7, 274.49169
   114.8, 274.40305
   114.9, 274.31485
     115, 274.22709
   115.1, 274.13976
   115.2, 274.05286
   115.3, 273.96639
   115.4, 273.88035
   115.5, 273.79474
   115.6, 273.70955
   115.7, 273.62478
   115.8, 273.54042
   115.9, 273.45649
     116, 273.37296
   116.1, 273.28985
   116.2, 273.20715
   116.3, 273.12486
   116.4, 273.04297
   116.5, 272.96148
   116.6, 272.88039
   116.7, 272.7997
   116.8, 272.71941
   116.9, 272.63952
     117, 272.56001
   117.1, 272.4809
   117.2, 272.40217
   117.3, 272.32383
   117.4, 272.24587
   117.5, 272.1683
   117.6, 272.0911
   117.7, 272.01429
   117.8, 271.93784
   117.9, 271.86178
     118, 271.78608
   118.1, 271.71075
   118.2, 271.63579
   118.3, 271.5612
   118.4, 271.48697
   118.5, 271.4131
   118.6, 271.3396
   118.7, 271.26645
   118.8, 271.19366
   118.9, 271.12122
     119, 271.04913
   119.1, 270.9774
   119.2, 270.90601
   119.3, 270.83497
   119.4, 270.76427
   119.5, 270.69392
   119.6, 270.62391
   119.7, 270.55424
   119.8, 270.48491
   119.9, 270.41591
     120, 270.34725
   120.1, 270.27892
   120.2, 270.21091
   120.3, 270.14324
   120.4, 270.0759
   120.5, 270.00888
   120.6, 269.94218
   120.7, 269.87581
   120.8, 269.80976
   120.9, 269.74402
     121, 269.6786
   121.1, 269.6135
   121.2, 269.54871
   121.3, 269.48423
   121.4, 269.42007
   121.5, 269.35621
   121.6, 269.29266
   121.7, 269.22941
   121.8, 269.16647
   121.9, 269.10383
     122, 269.04149
   122.1, 268.97944
   122.2, 268.9177
   122.3, 268.85625
   122.4, 268.7951
   122.5, 268.73423
   122.6, 268.67366
   122.7, 268.61338
   122.8, 268.55339
   122.9, 268.49368
     123, 268.43426
   123.1, 268.37512
   123.2, 268.31627
   123.3, 268.25769
   123.4, 268.19939
   123.5, 268.14138
   123.6, 268.08363
   123.7, 268.02616
   123.8, 267.96897
   123.9, 267.91205
     124, 267.85539
   124.1, 267.79901
   124.2, 267.74289
   124.3, 267.68704
   124.4, 267.63145
   124.5, 267.57613
   124.6, 267.52107
   124.7, 267.46627
   124.8, 267.41173
   124.9, 267.35745
     125, 267.30342
   125.1, 267.24965
   125.2, 267.19613
   125.3, 267.14286
   125.4, 267.08985
   125.5, 267.03709
   125.6, 266.98457
   125.7, 266.9323
   125.8, 266.88028
   125.9, 266.8285
     126, 266.77696
   126.1, 266.72567
   126.2, 266.67462
   126.3, 266.6238
   126.4, 266.57323
   126.5, 266.52289
   126.6, 266.47279
   126.7, 266.42292
   126.8, 266.37329
   126.9, 266.32389
     127, 266.27471
   127.1, 266.22577
   127.2, 266.17706
   127.3, 266.12857
   127.4, 266.08031
   127.5, 266.03228
   127.6, 265.98447
   127.7, 265.93688
   127.8, 265.88951
   127.9, 265.84236
     128, 265.79544
   128.1, 265.74873
   128.2, 265.70223
   128.3, 265.65595
   128.4, 265.60989
   128.5, 265.56404
   128.6, 265.5184
   128.7, 265.47298
   128.8, 265.42776
   128.9, 265.38275
     129, 265.33795
   129.1, 265.29336
   129.2, 265.24897
   129.3, 265.20479
   129.4, 265.16081
   129.5, 265.11704
   129.6, 265.07346
   129.7, 265.03009
   129.8, 264.98691
   129.9, 264.94393
     130, 264.90116
   130.1, 264.85857
   130.2, 264.81618
   130.3, 264.77399
   130.4, 264.73199
   130.5, 264.69018
   130.6, 264.64856
   130.7, 264.60714
   130.8, 264.5659
   130.9, 264.52485
     131, 264.48399
   131.1, 264.44331
   131.2, 264.40282
   131.3, 264.36251
   131.4, 264.32239
   131.5, 264.28245
   131.6, 264.24269
   131.7, 264.20311
   131.8, 264.16371
   131.9, 264.12449
     132, 264.08545
   132.1, 264.04658
   132.2, 264.00789
   132.3, 263.96938
   132.4, 263.93104
   132.5, 263.89287
   132.6, 263.85487
   132.7, 263.81705
   132.8, 263.7794
   132.9, 263.74191
     133, 263.7046
   133.1, 263.66745
   133.2, 263.63047
   133.3, 263.59365
   133.4,  263.557
   133.5, 263.52052
   133.6, 263.4842
   133.7, 263.44804
   133.8, 263.41204
   133.9, 263.37621
     134, 263.34053
   134.1, 263.30501
   134.2, 263.26965
   134.3, 263.23445
   134.4, 263.19941
   134.5, 263.16452
   134.6, 263.12979
   134.7, 263.09521
   134.8, 263.06079
   134.9, 263.02651
     135, 262.99239
   135.1, 262.95843
   135.2, 262.92461
   135.3, 262.89094
   135.4, 262.85742
   135.5, 262.82405
   135.6, 262.79082
   135.7, 262.75774
   135.8, 262.72481
   135.9, 262.69203
     136, 262.65938
   136.1, 262.62688
   136.2, 262.59453
   136.3, 262.56231
   136.4, 262.53024
   136.5, 262.49831
   136.6, 262.46652
   136.7, 262.43486
   136.8, 262.40335
   136.9, 262.37197
     137, 262.34073
   137.1, 262.30962
   137.2, 262.27866
   137.3, 262.24782
   137.4, 262.21712
   137.5, 262.18656
   137.6, 262.15612
   137.7, 262.12582
   137.8, 262.09565
   137.9, 262.06561
     138, 262.0357
   138.1, 262.00592
   138.2, 261.97627
   138.3, 261.94675
   138.4, 261.91735
   138.5, 261.88808
   138.6, 261.85894
   138.7, 261.82992
   138.8, 261.80103
   138.9, 261.77226
     139, 261.74362
   139.1, 261.71509
   139.2, 261.68669
   139.3, 261.65841
   139.4, 261.63026
   139.5, 261.60222
   139.6, 261.5743
   139.7, 261.5465
   139.8, 261.51882
   139.9, 261.49126
     140, 261.46381
   140.1, 261.43648
   140.2, 261.40927
   140.3, 261.38217
   140.4, 261.35519
   140.5, 261.32832
   140.6, 261.30156
   140.7, 261.27492
   140.8, 261.24839
   140.9, 261.22197
     141, 261.19566
   141.1, 261.16947
   141.2, 261.14338
   141.3, 261.1174
   141.4, 261.09153
   141.5, 261.06577
   141.6, 261.04012
   141.7, 261.01458
   141.8, 260.98914
   141.9, 260.96381
     142, 260.93858
   142.1, 260.91346
   142.2, 260.88844
   142.3, 260.86353
   142.4, 260.83872
   142.5, 260.81401
   142.6, 260.78941
   142.7, 260.76491
   142.8, 260.74051
   142.9, 260.7162
     143,  260.692
   143.1, 260.6679
   143.2, 260.6439
   143.3,   260.62
   143.4, 260.59619
   143.5, 260.57249
   143.6, 260.54888
   143.7, 260.52536
   143.8, 260.50195
   143.9, 260.47862
     144, 260.4554
   144.1, 260.43227
   144.2, 260.40923
   144.3, 260.38628
   144.4, 260.36343
   144.5, 260.34067
   144.6, 260.31801
   144.7, 260.29543
   144.8, 260.27295
   144.9, 260.25056
     145, 260.22825
   145.1, 260.20604
   145.2, 260.18392
   145.3, 260.16188
   145.4, 260.13994
   145.5, 260.11808
   145.6, 260.09631
   145.7, 260.07462
   145.8, 260.05303
   145.9, 260.03152
     146, 260.01009
   146.1, 259.98875
   146.2, 259.96749
   146.3, 259.94632
   146.4, 259.92524
   146.5, 259.90423
   146.6, 259.88331
   146.7, 259.86247
   146.8, 259.84172
   146.9, 259.82104
     147, 259.80045
   147.1, 259.77994
   147.2, 259.75951
   147.3, 259.73915
   147.4, 259.71888
   147.5, 259.69869
   147.6, 259.67857
   147.7, 259.65854
   147.8, 259.63858
   147.9, 259.6187
     148, 259.5989
   148.1, 259.57917
   148.2, 259.55952
   148.3, 259.53995
   148.4, 259.52045
   148.5, 259.50102
   148.6, 259.48167
   148.7, 259.4624
   148.8, 259.4432
   148.9, 259.42407
     149, 259.40502
   149.1, 259.38604
   149.2, 259.36713
   149.3, 259.34829
   149.4, 259.32952
   149.5, 259.31083
   149.6, 259.29221
   149.7, 259.27366
   149.8, 259.25517
   149.9, 259.23676
     150, 259.21842
   150.1, 259.20014
   150.2, 259.18194
   150.3, 259.1638
   150.4, 259.14573
   150.5, 259.12773
   150.6, 259.10979
   150.7, 259.09193
   150.8, 259.07413
   150.9, 259.05639
     151, 259.03872
   151.1, 259.02112
   151.2, 259.00358
   151.3, 258.98611
   151.4, 258.9687
   151.5, 258.95135
   151.6, 258.93407
   151.7, 258.91685
   151.8, 258.8997
   151.9, 258.88261
     152, 258.86558
   152.1, 258.84861
   152.2, 258.8317
   152.3, 258.81486
   152.4, 258.79807
   152.5, 258.78135
   152.6, 258.76469
   152.7, 258.74809
   152.8, 258.73155
   152.9, 258.71506
     153, 258.69864
   153.1, 258.68228
   153.2, 258.66597
   153.3, 258.64972
   153.4, 258.63353
   153.5, 258.6174
   153.6, 258.60133
   153.7, 258.58531
   153.8, 258.56935
   153.9, 258.55344
     154, 258.53759
   154.1, 258.5218
   154.2, 258.50606
   154.3, 258.49038
   154.4, 258.47476
   154.5, 258.45918
   154.6, 258.44367
   154.7, 258.4282
   154.8, 258.41279
   154.9, 258.39743
     155, 258.38213
   155.1, 258.36688
   155.2, 258.35168
   155.3, 258.33654
   155.4, 258.32144
   155.5, 258.3064
   155.6, 258.29141
   155.7, 258.27647
   155.8, 258.26158
   155.9, 258.24675
     156, 258.23196
   156.1, 258.21722
   156.2, 258.20253
   156.3, 258.1879
   156.4, 258.17331
   156.5, 258.15877
   156.6, 258.14428
   156.7, 258.12984
   156.8, 258.11544
   156.9, 258.1011
     157, 258.0868
   157.1, 258.07255
   157.2, 258.05835
   157.3, 258.04419
   157.4, 258.03008
   157.5, 258.01602
   157.6,  258.002
   157.7, 257.98803
   157.8, 257.97411
   157.9, 257.96023
     158, 257.94639
   158.1, 257.9326
   158.2, 257.91886
   158.3, 257.90516
   158.4, 257.8915
   158.5, 257.87789
   158.6, 257.86432
   158.7, 257.8508
   158.8, 257.83732
   158.9, 257.82388
     159, 257.81048
   159.1, 257.79713
   159.2, 257.78382
   159.3, 257.77055
   159.4, 257.75733
   159.5, 257.74414
   159.6,  257.731
   159.7, 257.7179
   159.8, 257.70483
   159.9, 257.69181
     160, 257.67883
   160.1, 257.66589
   160.2,  257.653
   160.3, 257.64014
   160.4, 257.62732
   160.5, 257.61454
   160.6, 257.60179
   160.7, 257.58909
   160.8, 257.57643
   160.9, 257.5638
     161, 257.55122
   161.1, 257.53867
   161.2, 257.52616
   161.3, 257.51369
   161.4, 257.50125
   161.5, 257.48885
   161.6, 257.47649
   161.7, 257.46417
   161.8, 257.45188
   161.9, 257.43963
     162, 257.42742
   162.1, 257.41524
   162.2, 257.4031
   162.3, 257.39099
   162.4, 257.37892
   162.5, 257.36689
   162.6, 257.35489
   162.7, 257.34292
   162.8, 257.33099
   162.9, 257.31909
     163, 257.30723
   163.1, 257.2954
   163.2, 257.28361
   163.3, 257.27185
   163.4, 257.26012
   163.5, 257.24843
   163.6, 257.23677
   163.7, 257.22514
   163.8, 257.21355
   163.9, 257.20199
     164, 257.19046
   164.1, 257.17896
   164.2, 257.1675
   164.3, 257.15606
   164.4, 257.14466
   164.5, 257.13329
   164.6, 257.12195
   164.7, 257.11065
   164.8, 257.09937
   164.9, 257.08813
     165, 257.07691
   165.1, 257.06573
   165.2, 257.05457
   165.3, 257.04345
   165.4, 257.03236
   165.5, 257.02129
   165.6, 257.01026
   165.7, 256.99925
   165.8, 256.98828
   165.9, 256.97733
     166, 256.96642
   166.1, 256.95553
   166.2, 256.94467
   166.3, 256.93384
   166.4, 256.92303
   166.5, 256.91226
   166.6, 256.90151
   166.7, 256.89079
   166.8, 256.8801
   166.9, 256.86944
     167, 256.8588
   167.1, 256.84819
   167.2, 256.83761
   167.3, 256.82706
   167.4, 256.81653
   167.5, 256.80602
   167.6, 256.79555
   167.7, 256.7851
   167.8, 256.77468
   167.9, 256.76428
     168, 256.75391
   168.1, 256.74356
   168.2, 256.73324
   168.3, 256.72295
   168.4, 256.71268
   168.5, 256.70243
   168.6, 256.69221
   168.7, 256.68202
   168.8, 256.67185
   168.9, 256.6617
     169, 256.65158
   169.1, 256.64148
   169.2, 256.63141
   169.3, 256.62136
   169.4, 256.61134
   169.5, 256.60133
   169.6, 256.59136
   169.7, 256.5814
   169.8, 256.57147
   169.9, 256.56156
     170, 256.55168
   170.1, 256.54181
   170.2, 256.53197
   170.3, 256.52216
   170.4, 256.51236
   170.5, 256.50259
   170.6, 256.49284
   170.7, 256.48311
   170.8, 256.4734
   170.9, 256.46372
     171, 256.45405
   171.1, 256.44441
   171.2, 256.43479
   171.3, 256.42519
   171.4, 256.41561
   171.5, 256.40605
   171.6, 256.39652
   171.7,  256.387
   171.8, 256.37751
   171.9, 256.36803
     172, 256.35858
   172.1, 256.34914
   172.2, 256.33973
   172.3, 256.33034
   172.4, 256.32096
   172.5, 256.31161
   172.6, 256.30227
   172.7, 256.29296
   172.8, 256.28366
   172.9, 256.27439
     173, 256.26513
   173.1, 256.25589
   173.2, 256.24667
   173.3, 256.23747
   173.4, 256.22829
   173.5, 256.21913
   173.6, 256.20998
   173.7, 256.20085
   173.8, 256.19175
   173.9, 256.18266
     174, 256.17358
   174.1, 256.16453
   174.2, 256.15549
   174.3, 256.14647
   174.4, 256.13747
   174.5, 256.12849
   174.6, 256.11952
   174.7, 256.11057
   174.8, 256.10164
   174.9, 256.09273
     175, 256.08383
   175.1, 256.07495
   175.2, 256.06608
   175.3, 256.05724
   175.4, 256.0484
   175.5, 256.03959
   175.6, 256.03079
   175.7, 256.02201
   175.8, 256.01324
   175.9, 256.00449
     176, 255.99576
   176.1, 255.98704
   176.2, 255.97833
   176.3, 255.96965
   176.4, 255.96097
   176.5, 255.95232
   176.6, 255.94367
   176.7, 255.93505
   176.8, 255.92644
   176.9, 255.91784
     177, 255.90926
   177.1, 255.90069
   177.2, 255.89214
   177.3, 255.8836
   177.4, 255.87508
   177.5, 255.86657
   177.6, 255.85808
   177.7, 255.8496
   177.8, 255.84113
   177.9, 255.83268
     178, 255.82424
   178.1, 255.81582
   178.2, 255.80741
   178.3, 255.79901
   178.4, 255.79063
   178.5, 255.78226
   178.6, 255.7739
   178.7, 255.76556
   178.8, 255.75723
   178.9, 255.74892
     179, 255.74061
   179.1, 255.73232
   179.2, 255.72405
   179.3, 255.71578
   179.4, 255.70753
   179.5, 255.69929
   179.6, 255.69106
   179.7, 255.68285
   179.8, 255.67465
   179.9, 255.66646
     180, 255.65828
   180.1, 255.65011
   180.2, 255.64196
   180.3, 255.63382
   180.4, 255.62569
   180.5, 255.61757
   180.6, 255.60947
   180.7, 255.60137
   180.8, 255.59329
   180.9, 255.58522
     181, 255.57716
   181.1, 255.56911
   181.2, 255.56107
   181.3, 255.55305
   181.4, 255.54503
   181.5, 255.53703
   181.6, 255.52903
   181.7, 255.52105
   181.8, 255.51308
   181.9, 255.50512
     182, 255.49717
   182.1, 255.48923
   182.2, 255.4813
   182.3, 255.47338
   182.4, 255.46547
   182.5, 255.45757
   182.6, 255.44968
   182.7, 255.44181
   182.8, 255.43394
   182.9, 255.42608
     183, 255.41823
   183.1, 255.41039
   183.2, 255.40256
   183.3, 255.39475
   183.4, 255.38694
   183.5, 255.37914
   183.6, 255.37135
   183.7, 255.36356
   183.8, 255.35579
   183.9, 255.34803
     184, 255.34028
   184.1, 255.33253
   184.2, 255.3248
   184.3, 255.31707
   184.4, 255.30935
   184.5, 255.30164
   184.6, 255.29395
   184.7, 255.28625
   184.8, 255.27857
   184.9, 255.2709
     185, 255.26323
   185.1, 255.25558
   185.2, 255.24793
   185.3, 255.24029
   185.4, 255.23266
   185.5, 255.22503
   185.6, 255.21742
   185.7, 255.20981
   185.8, 255.20221
   185.9, 255.19462
     186, 255.18703
   186.1, 255.17946
   186.2, 255.17189
   186.3, 255.16433
   186.4, 255.15678
   186.5, 255.14923
   186.6, 255.14169
   186.7, 255.13416
   186.8, 255.12664
   186.9, 255.11913
     187, 255.11162
   187.1, 255.10412
   187.2, 255.09662
   187.3, 255.08914
   187.4, 255.08166
   187.5, 255.07419
   187.6, 255.06672
   187.7, 255.05926
   187.8, 255.05181
   187.9, 255.04436
     188, 255.03693
   188.1, 255.02949
   188.2, 255.02207
   188.3, 255.01465
   188.4, 255.00724
   188.5, 254.99983
   188.6, 254.99243
   188.7, 254.98504
   188.8, 254.97765
   188.9, 254.97027
     189, 254.9629
   189.1, 254.95553
   189.2, 254.94817
   189.3, 254.94081
   189.4, 254.93346
   189.5, 254.92612
   189.6, 254.91878
   189.7, 254.91144
   189.8, 254.90412
   189.9, 254.8968
     190, 254.88948
   190.1, 254.88217
   190.2, 254.87487
   190.3, 254.86757
   190.4, 254.86027
   190.5, 254.85299
   190.6, 254.8457
   190.7, 254.83843
   190.8, 254.83115
   190.9, 254.82389
     191, 254.81662
   191.1, 254.80937
   191.2, 254.80212
   191.3, 254.79487
   191.4, 254.78763
   191.5, 254.78039
   191.6, 254.77316
   191.7, 254.76593
   191.8, 254.75871
   191.9, 254.75149
     192, 254.74428
   192.1, 254.73707
   192.2, 254.72987
   192.3, 254.72267
   192.4, 254.71547
   192.5, 254.70828
   192.6, 254.7011
   192.7, 254.69392
   192.8, 254.68674
   192.9, 254.67957
     193, 254.6724
   193.1, 254.66524
   193.2, 254.65808
   193.3, 254.65092
   193.4, 254.64377
   193.5, 254.63662
   193.6, 254.62948
   193.7, 254.62234
   193.8, 254.6152
   193.9, 254.60807
     194, 254.60094
   194.1, 254.59382
   194.2, 254.58669
   194.3, 254.57958
   194.4, 254.57246
   194.5, 254.56535
   194.6, 254.55825
   194.7, 254.55115
   194.8, 254.54405
   194.9, 254.53695
     195, 254.52986
   195.1, 254.52277
   195.2, 254.51569
   195.3, 254.5086
   195.4, 254.50152
   195.5, 254.49445
   195.6, 254.48738
   195.7, 254.48031
   195.8, 254.47324
   195.9, 254.46618
     196, 254.45912
   196.1, 254.45206
   196.2, 254.44501
   196.3, 254.43796
   196.4, 254.43091
   196.5, 254.42386
   196.6, 254.41682
   196.7, 254.40978
   196.8, 254.40274
   196.9, 254.39571
     197, 254.38868
   197.1, 254.38165
   197.2, 254.37462
   197.3, 254.3676
   197.4, 254.36058
   197.5, 254.35356
   197.6, 254.34654
   197.7, 254.33953
   197.8, 254.33252
   197.9, 254.32551
     198, 254.3185
   198.1, 254.3115
   198.2, 254.3045
   198.3, 254.2975
   198.4, 254.2905
   198.5, 254.2835
   198.6, 254.27651
   198.7, 254.26952
   198.8, 254.26253
   198.9, 254.25554
     199, 254.24856
   199.1, 254.24157
   199.2, 254.23459
   199.3, 254.22761
   199.4, 254.22064
   199.5, 254.21366
   199.6, 254.20669
   199.7, 254.19972
   199.8, 254.19275
   199.9, 254.18578
     200, 254.17881
   200.1, 254.17185
   200.2, 254.16488
   200.3, 254.15792
   200.4, 254.15096
   200.5, 254.14401
   200.6, 254.13705
   200.7, 254.13009
   200.8, 254.12314
   200.9, 254.11619
     201, 254.10924
   201.1, 254.10229
   201.2, 254.09534
   201.3, 254.08839
   201.4, 254.08145
   201.5, 254.0745
   201.6, 254.06756
   201.7, 254.06062
   201.8, 254.05368
   201.9, 254.04674
     202, 254.0398
   202.1, 254.03286
   202.2, 254.02593
   202.3, 254.01899
   202.4, 254.01206
   202.5, 254.00513
   202.6, 253.99819
   202.7, 253.99126
   202.8, 253.98433
   202.9, 253.9774
     203, 253.97048
   203.1, 253.96355
   203.2, 253.95662
   203.3, 253.9497
   203.4, 253.94277
   203.5, 253.93585
   203.6, 253.92892
   203.7,  253.922
   203.8, 253.91508
   203.9, 253.90816
     204, 253.90124
   204.1, 253.89432
   204.2, 253.8874
   204.3, 253.88048
   204.4, 253.87356
   204.5, 253.86664
   204.6, 253.85973
   204.7, 253.85281
   204.8, 253.84589
   204.9, 253.83898
     205, 253.83206
   205.1, 253.82515
   205.2, 253.81823
   205.3, 253.81132
   205.4, 253.8044
   205.5, 253.79749
   205.6, 253.79057
   205.7, 253.78366
   205.8, 253.77675
   205.9, 253.76983
     206, 253.76292
   206.1, 253.75601
   206.2, 253.7491
   206.3, 253.74218
   206.4, 253.73527
   206.5, 253.72836
   206.6, 253.72145
   206.7, 253.71454
   206.8, 253.70762
   206.9, 253.70071
     207, 253.6938
   207.1, 253.68689
   207.2, 253.67998
   207.3, 253.67306
   207.4, 253.66615
   207.5, 253.65924
   207.6, 253.65233
   207.7, 253.64541
   207.8, 253.6385
   207.9, 253.63159
     208, 253.62467
   208.1, 253.61776
   208.2, 253.61085
   208.3, 253.60393
   208.4, 253.59702
   208.5, 253.5901
   208.6, 253.58319
   208.7, 253.57627
   208.8, 253.56936
   208.9, 253.56244
     209, 253.55552
   209.1, 253.54861
   209.2, 253.54169
   209.3, 253.53477
   209.4, 253.52785
   209.5, 253.52093
   209.6, 253.51401
   209.7, 253.50709
   209.8, 253.50017
   209.9, 253.49325
     210, 253.48633
   210.1, 253.47941
   210.2, 253.47249
   210.3, 253.46556
   210.4, 253.45864
   210.5, 253.45171
   210.6, 253.44479
   210.7, 253.43786
   210.8, 253.43093
   210.9, 253.42401
     211, 253.41708
   211.1, 253.41015
   211.2, 253.40322
   211.3, 253.39629
   211.4, 253.38936
   211.5, 253.38242
   211.6, 253.37549
   211.7, 253.36856
   211.8, 253.36162
   211.9, 253.35469
     212, 253.34775
   212.1, 253.34081
   212.2, 253.33387
   212.3, 253.32693
   212.4, 253.31999
   212.5, 253.31305
   212.6, 253.30611
   212.7, 253.29916
   212.8, 253.29222
   212.9, 253.28527
     213, 253.27833
   213.1, 253.27138
   213.2, 253.26443
   213.3, 253.25748
   213.4, 253.25053
   213.5, 253.24358
   213.6, 253.23662
   213.7, 253.22967
   213.8, 253.22271
   213.9, 253.21576
     214, 253.2088
   214.1, 253.20184
   214.2, 253.19488
   214.3, 253.18792
   214.4, 253.18095
   214.5, 253.17399
   214.6, 253.16703
   214.7, 253.16006
   214.8, 253.15309
   214.9, 253.14612
     215, 253.13915
   215.1, 253.13218
   215.2, 253.12521
   215.3, 253.11823
   215.4, 253.11125
   215.5, 253.10428
   215.6, 253.0973
   215.7, 253.09032
   215.8, 253.08334
   215.9, 253.07635
     216, 253.06937
   216.1, 253.06238
   216.2, 253.0554
   216.3, 253.04841
   216.4, 253.04142
   216.5, 253.03442
   216.6, 253.02743
   216.7, 253.02044
   216.8, 253.01344
   216.9, 253.00644
     217, 252.99944
   217.1, 252.99244
   217.2, 252.98544
   217.3, 252.97843
   217.4, 252.97143
   217.5, 252.96442
   217.6, 252.95741
   217.7, 252.9504
   217.8, 252.94339
   217.9, 252.93637
     218, 252.92936
   218.1, 252.92234
   218.2, 252.91532
   218.3, 252.9083
   218.4, 252.90128
   218.5, 252.89426
   218.6, 252.88723
   218.7, 252.8802
   218.8, 252.87317
   218.9, 252.86614
     219, 252.85911
   219.1, 252.85207
   219.2, 252.84504
   219.3,  252.838
   219.4, 252.83096
   219.5, 252.82392
   219.6, 252.81687
   219.7, 252.80983
   219.8, 252.80278
   219.9, 252.79573
     220, 252.78868
   220.1, 252.78163
   220.2, 252.77457
   220.3, 252.76752
   220.4, 252.76046
   220.5, 252.7534
   220.6, 252.74634
   220.7, 252.73927
   220.8, 252.7322
   220.9, 252.72514
     221, 252.71807
   221.1, 252.71099
   221.2, 252.70392
   221.3, 252.69684
   221.4, 252.68977
   221.5, 252.68269
   221.6, 252.67561
   221.7, 252.66852
   221.8, 252.66144
   221.9, 252.65435
     222, 252.64726
   222.1, 252.64017
   222.2, 252.63307
   222.3, 252.62598
   222.4, 252.61888
   222.5, 252.61178
   222.6, 252.60468
   222.7, 252.59757
   222.8, 252.59046
   222.9, 252.58336
     223, 252.57625
   223.1, 252.56913
   223.2, 252.56202
   223.3, 252.5549
   223.4, 252.54778
   223.5, 252.54066
   223.6, 252.53354
   223.7, 252.52641
   223.8, 252.51928
   223.9, 252.51216
     224, 252.50502
   224.1, 252.49789
   224.2, 252.49075
   224.3, 252.48361
   224.4, 252.47647
   224.5, 252.46933
   224.6, 252.46219
   224.7, 252.45504
   224.8, 252.44789
   224.9, 252.44074
     225, 252.43358
   225.1, 252.42643
   225.2, 252.41927
   225.3, 252.41211
   225.4, 252.40495
   225.5, 252.39778
   225.6, 252.39061
   225.7, 252.38344
   225.8, 252.37627
   225.9, 252.3691
     226, 252.36192
   226.1, 252.35474
   226.2, 252.34756
   226.3, 252.34038
   226.4, 252.33319
   226.5,  252.326
   226.6, 252.31881
   226.7, 252.31162
   226.8, 252.30442
   226.9, 252.29723
     227, 252.29003
   227.1, 252.28282
   227.2, 252.27562
   227.3, 252.26841
   227.4, 252.2612
   227.5, 252.25399
   227.6, 252.24678
   227.7, 252.23956
   227.8, 252.23234
   227.9, 252.22512
     228, 252.2179
   228.1, 252.21067
   228.2, 252.20344
   228.3, 252.19621
   228.4, 252.18898
   228.5, 252.18174
   228.6, 252.17451
   228.7, 252.16727
   228.8, 252.16002
   228.9, 252.15278
     229, 252.14553
   229.1, 252.13828
   229.2, 252.13103
   229.3, 252.12377
   229.4, 252.11651
   229.5, 252.10925
   229.6, 252.10199
   229.7, 252.09473
   229.8, 252.08746
   229.9, 252.08019
     230, 252.07292
   230.1, 252.06564
   230.2, 252.05836
   230.3, 252.05109
   230.4, 252.0438
   230.5, 252.03652
   230.6, 252.02923
   230.7, 252.02194
   230.8, 252.01465
   230.9, 252.00735
     231, 252.00006
   231.1, 251.99276
   231.2, 251.98545
   231.3, 251.97815
   231.4, 251.97084
   231.5, 251.96353
   231.6, 251.95622
   231.7, 251.9489
   231.8, 251.94158
   231.9, 251.93426
     232, 251.92694
   232.1, 251.91962
   232.2, 251.91229
   232.3, 251.90496
   232.4, 251.89762
   232.5, 251.89029
   232.6, 251.88295
   232.7, 251.87561
   232.8, 251.86827
   232.9, 251.86092
     233, 251.85357
   233.1, 251.84622
   233.2, 251.83887
   233.3, 251.83151
   233.4, 251.82415
   233.5, 251.81679
   233.6, 251.80943
   233.7, 251.80206
   233.8, 251.79469
   233.9, 251.78732
     234, 251.77994
   234.1, 251.77257
   234.2, 251.76519
   234.3, 251.7578
   234.4, 251.75042
   234.5, 251.74303
   234.6, 251.73564
   234.7, 251.72825
   234.8, 251.72085
   234.9, 251.71345
     235, 251.70605
   235.1, 251.69865
   235.2, 251.69124
   235.3, 251.68384
   235.4, 251.67642
   235.5, 251.66901
   235.6, 251.66159
   235.7, 251.65417
   235.8, 251.64675
   235.9, 251.63933
     236, 251.6319
   236.1, 251.62447
   236.2, 251.61704
   236.3, 251.6096
   236.4, 251.60216
   236.5, 251.59472
   236.6, 251.58728
   236.7, 251.57983
   236.8, 251.57239
   236.9, 251.56493
     237, 251.55748
   237.1, 251.55002
   237.2, 251.54256
   237.3, 251.5351
   237.4, 251.52764
   237.5, 251.52017
   237.6, 251.5127
   237.7, 251.50523
   237.8, 251.49775
   237.9, 251.49027
     238, 251.48279
   238.1, 251.47531
   238.2, 251.46782
   238.3, 251.46033
   238.4, 251.45284
   238.5, 251.44535
   238.6, 251.43785
   238.7, 251.43035
   238.8, 251.42285
   238.9, 251.41534
     239, 251.40784
   239.1, 251.40033
   239.2, 251.39281
   239.3, 251.3853
   239.4, 251.37778
   239.5, 251.37026
   239.6, 251.36273
   239.7, 251.35521
   239.8, 251.34768
   239.9, 251.34014
     240, 251.33261
   240.1, 251.32507
   240.2, 251.31753
   240.3, 251.30999
   240.4, 251.30244
   240.5, 251.2949
   240.6, 251.28734
   240.7, 251.27979
   240.8, 251.27223
   240.9, 251.26467
     241, 251.25711
   241.1, 251.24955
   241.2, 251.24198
   241.3, 251.23441
   241.4, 251.22684
   241.5, 251.21926
   241.6, 251.21168
   241.7, 251.2041
   241.8, 251.19652
   241.9, 251.18893
     242, 251.18134
   242.1, 251.17375
   242.2, 251.16616
   242.3, 251.15856
   242.4, 251.15096
   242.5, 251.14336
   242.6, 251.13575
   242.7, 251.12814
   242.8, 251.12053
   242.9, 251.11292
     243, 251.1053
   243.1, 251.09768
   243.2, 251.09006
   243.3, 251.08243
   243.4, 251.07481
   243.5, 251.06718
   243.6, 251.05954
   243.7, 251.05191
   243.8, 251.04427
   243.9, 251.03663
     244, 251.02898
   244.1, 251.02134
   244.2, 251.01369
   244.3, 251.00604
   244.4, 250.99838
   244.5, 250.99072
   244.6, 250.98306
   244.7, 250.9754
   244.8, 250.96774
   244.9, 250.96007
     245, 250.9524
   245.1, 250.94472
   245.2, 250.93705
   245.3, 250.92937
   245.4, 250.92169
   245.5,  250.914
   245.6, 250.90631
   245.7, 250.89862
   245.8, 250.89093
   245.9, 250.88323
     246, 250.87554
   246.1, 250.86783
   246.2, 250.86013
   246.3, 250.85242
   246.4, 250.84472
   246.5,  250.837
   246.6, 250.82929
   246.7, 250.82157
   246.8, 250.81385
   246.9, 250.80613
     247, 250.7984
   247.1, 250.79067
   247.2, 250.78294
   247.3, 250.77521
   247.4, 250.76747
   247.5, 250.75973
   247.6, 250.75199
   247.7, 250.74425
   247.8, 250.7365
   247.9, 250.72875
     248,  250.721
   248.1, 250.71324
   248.2, 250.70548
   248.3, 250.69772
   248.4, 250.68996
   248.5, 250.68219
   248.6, 250.67442
   248.7, 250.66665
   248.8, 250.65888
   248.9, 250.6511
     249, 250.64332
   249.1, 250.63554
   249.2, 250.62775
   249.3, 250.61996
   249.4, 250.61217
   249.5, 250.60438
   249.6, 250.59658
   249.7, 250.58879
   249.8, 250.58098
   249.9, 250.57318
     250, 250.56537
   250.1, 250.55756
   250.2, 250.54975
   250.3, 250.54194
   250.4, 250.53412
   250.5, 250.5263
   250.6, 250.51848
   250.7, 250.51065
   250.8, 250.50282
   250.9, 250.49499
     251, 250.48716
   251.1, 250.47932
   251.2, 250.47148
   251.3, 250.46364
   251.4, 250.45579
   251.5, 250.44795
   251.6, 250.4401
   251.7, 250.43224
   251.8, 250.42439
   251.9, 250.41653
     252, 250.40867
   252.1, 250.40081
   252.2, 250.39294
   252.3, 250.38507
   252.4, 250.3772
   252.5, 250.36933
   252.6, 250.36145
   252.7, 250.35357
   252.8, 250.34569
   252.9, 250.3378
     253, 250.32992
   253.1, 250.32203
   253.2, 250.31413
   253.3, 250.30624
   253.4, 250.29834
   253.5, 250.29044
   253.6, 250.28254
   253.7, 250.27463
   253.8, 250.26672
   253.9, 250.25881
     254, 250.2509
   254.1, 250.24298
   254.2, 250.23506
   254.3, 250.22714
   254.4, 250.21922
   254.5, 250.21129
   254.6, 250.20336
   254.7, 250.19543
   254.8, 250.18749
   254.9, 250.17955
     255, 250.17161
   255.1, 250.16367
   255.2, 250.15573
   255.3, 250.14778
   255.4, 250.13983
   255.5, 250.13187
   255.6, 250.12392
   255.7, 250.11596
   255.8,  250.108
   255.9, 250.10003
     256, 250.09207
   256.1, 250.0841
   256.2, 250.07613
   256.3, 250.06815
   256.4, 250.06018
   256.5, 250.0522
   256.6, 250.04421
   256.7, 250.03623
   256.8, 250.02824
   256.9, 250.02025
     257, 250.01226
   257.1, 250.00426
   257.2, 249.99627
   257.3, 249.98827
   257.4, 249.98026
   257.5, 249.97226
   257.6, 249.96425
   257.7, 249.95624
   257.8, 249.94823
   257.9, 249.94021
     258, 249.93219
   258.1, 249.92417
   258.2, 249.91615
   258.3, 249.90812
   258.4, 249.90009
   258.5, 249.89206
   258.6, 249.88403
   258.7, 249.87599
   258.8, 249.86795
   258.9, 249.85991
     259, 249.85186
   259.1, 249.84382
   259.2, 249.83577
   259.3, 249.82772
   259.4, 249.81966
   259.5, 249.81161
   259.6, 249.80355
   259.7, 249.79548
   259.8, 249.78742
   259.9, 249.77935
     260, 249.77128
   260.1, 249.76321
   260.2, 249.75514
   260.3, 249.74706
   260.4, 249.73898
   260.5, 249.7309
   260.6, 249.72281
   260.7, 249.71472
   260.8, 249.70663
   260.9, 249.69854
     261, 249.69045
   261.1, 249.68235
   261.2, 249.67425
   261.3, 249.66615
   261.4, 249.65804
   261.5, 249.64993
   261.6, 249.64182
   261.7, 249.63371
   261.8, 249.6256
   261.9, 249.61748
     262, 249.60936
   262.1, 249.60124
   262.2, 249.59311
   262.3, 249.58498
   262.4, 249.57685
   262.5, 249.56872
   262.6, 249.56059
   262.7, 249.55245
   262.8, 249.54431
   262.9, 249.53617
     263, 249.52802
   263.1, 249.51988
   263.2, 249.51173
   263.3, 249.50357
   263.4, 249.49542
   263.5, 249.48726
   263.6, 249.4791
   263.7, 249.47094
   263.8, 249.46277
   263.9, 249.45461
     264, 249.44644
   264.1, 249.43827
   264.2, 249.43009
   264.3, 249.42192
   264.4, 249.41374
   264.5, 249.40555
   264.6, 249.39737
   264.7, 249.38918
   264.8, 249.38099
   264.9, 249.3728
     265, 249.36461
   265.1, 249.35641
   265.2, 249.34821
   265.3, 249.34001
   265.4, 249.33181
   265.5, 249.3236
   265.6, 249.31539
   265.7, 249.30718
   265.8, 249.29897
   265.9, 249.29075
     266, 249.28254
   266.1, 249.27432
   266.2, 249.26609
   266.3, 249.25787
   266.4, 249.24964
   266.5, 249.24141
   266.6, 249.23318
   266.7, 249.22494
   266.8, 249.21671
   266.9, 249.20847
     267, 249.20022
   267.1, 249.19198
   267.2, 249.18373
   267.3, 249.17548
   267.4, 249.16723
   267.5, 249.15898
   267.6, 249.15072
   267.7, 249.14246
   267.8, 249.1342
   267.9, 249.12594
     268, 249.11767
   268.1, 249.1094
   268.2, 249.10113
   268.3, 249.09286
   268.4, 249.08459
   268.5, 249.07631
   268.6, 249.06803
   268.7, 249.05975
   268.8, 249.05146
   268.9, 249.04318
     269, 249.03489
   269.1, 249.0266
   269.2, 249.0183
   269.3, 249.01001
   269.4, 249.00171
   269.5, 248.99341
   269.6, 248.9851
   269.7, 248.9768
   269.8, 248.96849
   269.9, 248.96018
     270, 248.95187
   270.1, 248.94355
   270.2, 248.93524
   270.3, 248.92692
   270.4, 248.9186
   270.5, 248.91027
   270.6, 248.90195
   270.7, 248.89362
   270.8, 248.88529
   270.9, 248.87695
     271, 248.86862
   271.1, 248.86028
   271.2, 248.85194
   271.3, 248.8436
   271.4, 248.83526
   271.5, 248.82691
   271.6, 248.81856
   271.7, 248.81021
   271.8, 248.80186
   271.9, 248.7935
     272, 248.78514
   272.1, 248.77678
   272.2, 248.76842
   272.3, 248.76006
   272.4, 248.75169
   272.5, 248.74332
   272.6, 248.73495
   272.7, 248.72657
   272.8, 248.7182
   272.9, 248.70982
     273, 248.70144
   273.1, 248.69306
   273.2, 248.68467
   273.3, 248.67629
   273.4, 248.6679
   273.5, 248.65951
   273.6, 248.65111
   273.7, 248.64272
   273.8, 248.63432
   273.9, 248.62592
     274, 248.61752
   274.1, 248.60911
   274.2, 248.60071
   274.3, 248.5923
   274.4, 248.58389
   274.5, 248.57547
   274.6, 248.56706
   274.7, 248.55864
   274.8, 248.55022
   274.9, 248.5418
     275, 248.53337
   275.1, 248.52495
   275.2, 248.51652
   275.3, 248.50809
   275.4, 248.49965
   275.5, 248.49122
   275.6, 248.48278
   275.7, 248.47434
   275.8, 248.4659
   275.9, 248.45746
     276, 248.44901
   276.1, 248.44056
   276.2, 248.43211
   276.3, 248.42366
   276.4, 248.41521
   276.5, 248.40675
   276.6, 248.39829
   276.7, 248.38983
   276.8, 248.38137
   276.9, 248.37291
     277, 248.36444
   277.1, 248.35597
   277.2, 248.3475
   277.3, 248.33902
   277.4, 248.33055
   277.5, 248.32207
   277.6, 248.31359
   277.7, 248.30511
   277.8, 248.29663
   277.9, 248.28814
     278, 248.27965
   278.1, 248.27116
   278.2, 248.26267
   278.3, 248.25418
   278.4, 248.24568
   278.5, 248.23718
   278.6, 248.22868
   278.7, 248.22018
   278.8, 248.21167
   278.9, 248.20317
     279, 248.19466
   279.1, 248.18615
   279.2, 248.17763
   279.3, 248.16912
   279.4, 248.1606
   279.5, 248.15208
   279.6, 248.14356
   279.7, 248.13504
   279.8, 248.12651
   279.9, 248.11799
     280, 248.10946
   280.1, 248.10093
   280.2, 248.09239
   280.3, 248.08386
   280.4, 248.07532
   280.5, 248.06678
   280.6, 248.05824
   280.7, 248.0497
   280.8, 248.04115
   280.9, 248.0326
     281, 248.02406
   281.1, 248.0155
   281.2, 248.00695
   281.3, 247.9984
   281.4, 247.98984
   281.5, 247.98128
   281.6, 247.97272
   281.7, 247.96415
   281.8, 247.95559
   281.9, 247.94702
     282, 247.93845
   282.1, 247.92988
   282.2, 247.92131
   282.3, 247.91273
   282.4, 247.90416
   282.5, 247.89558
   282.6,  247.887
   282.7, 247.87841
   282.8, 247.86983
   282.9, 247.86124
     283, 247.85265
   283.1, 247.84406
   283.2, 247.83547
   283.3, 247.82687
   283.4, 247.81828
   283.5, 247.80968
   283.6, 247.80108
   283.7, 247.79248
   283.8, 247.78387
   283.9, 247.77527
     284, 247.76666
   284.1, 247.75805
   284.2, 247.74944
   284.3, 247.74082
   284.4, 247.73221
   284.5, 247.72359
   284.6, 247.71497
   284.7, 247.70635
   284.8, 247.69773
   284.9, 247.6891
     285, 247.68047
   285.1, 247.67184
   285.2, 247.66321
   285.3, 247.65458
   285.4, 247.64595
   285.5, 247.63731
   285.6, 247.62867
   285.7, 247.62003
   285.8, 247.61139
   285.9, 247.60274
     286, 247.5941
   286.1, 247.58545
   286.2, 247.5768
   286.3, 247.56815
   286.4, 247.5595
   286.5, 247.55084
   286.6, 247.54218
   286.7, 247.53353
   286.8, 247.52487
   286.9, 247.5162
     287, 247.50754
   287.1, 247.49887
   287.2, 247.4902
   287.3, 247.48153
   287.4, 247.47286
   287.5, 247.46419
   287.6, 247.45551
   287.7, 247.44684
   287.8, 247.43816
   287.9, 247.42948
     288, 247.4208
   288.1, 247.41211
   288.2, 247.40343
   288.3, 247.39474
   288.4, 247.38605
   288.5, 247.37736
   288.6, 247.36866
   288.7, 247.35997
   288.8, 247.35127
   288.9, 247.34257
     289, 247.33387
   289.1, 247.32517
   289.2, 247.31647
   289.3, 247.30776
   289.4, 247.29905
   289.5, 247.29034
   289.6, 247.28163
   289.7, 247.27292
   289.8, 247.26421
   289.9, 247.25549
     290, 247.24677
   290.1, 247.23805
   290.2, 247.22933
   290.3, 247.22061
   290.4, 247.21188
   290.5, 247.20316
   290.6, 247.19443
   290.7, 247.1857
   290.8, 247.17697
   290.9, 247.16823
     291, 247.1595
   291.1, 247.15076
   291.2, 247.14202
   291.3, 247.13328
   291.4, 247.12454
   291.5, 247.1158
   291.6, 247.10705
   291.7, 247.0983
   291.8, 247.08956
   291.9, 247.08081
     292, 247.07205
   292.1, 247.0633
   292.2, 247.05454
   292.3, 247.04579
   292.4, 247.03703
   292.5, 247.02827
   292.6, 247.0195
   292.7, 247.01074
   292.8, 247.00197
   292.9, 246.99321
     293, 246.98444
   293.1, 246.97567
   293.2, 246.9669
   293.3, 246.95812
   293.4, 246.94935
   293.5, 246.94057
   293.6, 246.93179
   293.7, 246.92301
   293.8, 246.91423
   293.9, 246.90544
     294, 246.89666
   294.1, 246.88787
   294.2, 246.87908
   294.3, 246.87029
   294.4, 246.8615
   294.5, 246.85271
   294.6, 246.84391
   294.7, 246.83512
   294.8, 246.82632
   294.9, 246.81752
     295, 246.80872
   295.1, 246.79991
   295.2, 246.79111
   295.3, 246.7823
   295.4, 246.77349
   295.5, 246.76468
   295.6, 246.75587
   295.7, 246.74706
   295.8, 246.73825
   295.9, 246.72943
     296, 246.72061
   296.1, 246.71179
   296.2, 246.70297
   296.3, 246.69415
   296.4, 246.68533
   296.5, 246.6765
   296.6, 246.66768
   296.7, 246.65885
   296.8, 246.65002
   296.9, 246.64119
     297, 246.63235
   297.1, 246.62352
   297.2, 246.61468
   297.3, 246.60585
   297.4, 246.59701
   297.5, 246.58817
   297.6, 246.57932
   297.7, 246.57048
   297.8, 246.56163
   297.9, 246.55279
     298, 246.54394
   298.1, 246.53509
   298.2, 246.52624
   298.3, 246.51739
   298.4, 246.50853
   298.5, 246.49968
   298.6, 246.49082
   298.7, 246.48196
   298.8, 246.4731
   298.9, 246.46424
     299, 246.45537
   299.1, 246.44651
   299.2, 246.43764
   299.3, 246.42877
   299.4, 246.41991
   299.5, 246.41103
   299.6, 246.40216
   299.7, 246.39329
   299.8, 246.38441
   299.9, 246.37554
     300, 246.36666
