     4.2  0.10917333
     4.3   0.11376
     4.4  0.11834667
     4.5  0.12293333
     4.6   0.12752
     4.7  0.13210667
     4.8  0.13669333
     4.9   0.14128
       5  0.14586667
     5.1  0.15045333
     5.2   0.15504
     5.3  0.15962667
     5.4  0.16421333
     5.5    0.1688
     5.6  0.17338667
     5.7  0.17797333
     5.8   0.18256
     5.9  0.18714667
       6  0.19173333
     6.1   0.19632
     6.2  0.20090667
     6.3  0.20549333
     6.4   0.21008
     6.5  0.21466667
     6.6  0.21925333
     6.7   0.22384
     6.8  0.22842667
     6.9  0.23301333
       7    0.2376
     7.1  0.24218667
     7.2  0.24677333
     7.3   0.25136
     7.4  0.25594667
     7.5  0.26053333
     7.6   0.26512
     7.7  0.26970667
     7.8  0.27429333
     7.9   0.27888
       8  0.28346667
     8.1  0.28805333
     8.2   0.29264
     8.3  0.29722667
     8.4  0.30181333
     8.5    0.3064
     8.6  0.31098667
     8.7  0.31557333
     8.8   0.32016
     8.9  0.32474667
       9  0.32933333
     9.1   0.33392
     9.2  0.33850667
     9.3  0.34309333
     9.4   0.34768
     9.5  0.35226667
     9.6  0.35685333
     9.7   0.36144
     9.8  0.36602667
     9.9  0.37061333
      10    0.3752
    10.1  0.37978667
    10.2  0.38437333
    10.3   0.38896
    10.4  0.39354667
    10.5  0.39813333
    10.6   0.40272
    10.7  0.40730667
    10.8  0.41189333
    10.9   0.41648
      11  0.42106667
    11.1  0.42565333
    11.2   0.43024
    11.3  0.43482667
    11.4  0.43941333
    11.5     0.444
    11.6  0.44858667
    11.7  0.45317333
    11.8   0.45776
    11.9  0.46234667
      12  0.46693333
    12.1   0.47152
    12.2  0.47610667
    12.3  0.48069333
    12.4   0.48528
    12.5  0.48986667
    12.6  0.49445333
    12.7   0.49904
    12.8  0.50362667
    12.9  0.50821333
      13    0.5128
    13.1  0.51738667
    13.2  0.52197333
    13.3   0.52656
    13.4  0.53114667
    13.5  0.53573333
    13.6   0.54032
    13.7  0.54490667
    13.8  0.54949333
    13.9   0.55408
      14  0.55866667
    14.1  0.56325333
    14.2   0.56784
    14.3  0.57242667
    14.4  0.57701333
    14.5    0.5816
    14.6  0.58618667
    14.7  0.59077333
    14.8   0.59536
    14.9  0.59994667
      15  0.60453333
    15.1   0.60912
    15.2  0.61370667
    15.3  0.61829333
    15.4   0.62288
    15.5  0.62746667
    15.6  0.63205333
    15.7   0.63664
    15.8  0.64122667
    15.9  0.64581333
      16    0.6504
    16.1  0.65498667
    16.2  0.65957333
    16.3   0.66416
    16.4  0.66874667
    16.5  0.67333333
    16.6   0.67792
    16.7  0.68250667
    16.8  0.68709333
    16.9   0.69168
      17  0.69626667
    17.1  0.70085333
    17.2   0.70544
    17.3  0.71002667
    17.4  0.71461333
    17.5    0.7192
    17.6  0.72378667
    17.7  0.72837333
    17.8   0.73296
    17.9  0.73754667
      18  0.74213333
    18.1   0.74672
    18.2  0.75130667
    18.3  0.75589333
    18.4   0.76048
    18.5  0.76506667
    18.6  0.76965333
    18.7   0.77424
    18.8  0.77882667
    18.9  0.78341333
      19     0.788
    19.1   0.79482
    19.2   0.80164
    19.3   0.80846
    19.4   0.81528
    19.5    0.8221
    19.6   0.82892
    19.7   0.83574
    19.8   0.84256
    19.9   0.84938
      20    0.8562
    20.1   0.86302
    20.2   0.86984
    20.3   0.87666
    20.4   0.88348
    20.5    0.8903
    20.6   0.89712
    20.7   0.90394
    20.8   0.91076
    20.9   0.91758
      21    0.9244
    21.1   0.93122
    21.2   0.93804
    21.3   0.94486
    21.4   0.95168
    21.5    0.9585
    21.6   0.96532
    21.7   0.97214
    21.8   0.97896
    21.9   0.98578
      22    0.9926
    22.1   0.99942
    22.2   1.00624
    22.3   1.01306
    22.4   1.01988
    22.5    1.0267
    22.6   1.03352
    22.7   1.04034
    22.8   1.04716
    22.9   1.05398
      23    1.0608
    23.1   1.06762
    23.2   1.07444
    23.3   1.08126
    23.4   1.08808
    23.5    1.0949
    23.6   1.10172
    23.7   1.10854
    23.8   1.11536
    23.9   1.12218
      24     1.129
    24.1   1.13582
    24.2   1.14264
    24.3   1.14946
    24.4   1.15628
    24.5    1.1631
    24.6   1.16992
    24.7   1.17674
    24.8   1.18356
    24.9   1.19038
      25    1.1972
    25.1   1.20402
    25.2   1.21084
    25.3   1.21766
    25.4   1.22448
    25.5    1.2313
    25.6   1.23812
    25.7   1.24494
    25.8   1.25176
    25.9   1.25858
      26    1.2654
    26.1   1.27222
    26.2   1.27904
    26.3   1.28586
    26.4   1.29268
    26.5    1.2995
    26.6   1.30632
    26.7   1.31314
    26.8   1.31996
    26.9   1.32678
      27    1.3336
    27.1   1.34042
    27.2   1.34724
    27.3   1.35406
    27.4   1.36088
    27.5    1.3677
    27.6   1.37452
    27.7   1.38134
    27.8   1.38816
    27.9   1.39498
      28    1.4018
    28.1   1.40862
    28.2   1.41544
    28.3   1.42226
    28.4   1.42908
    28.5    1.4359
    28.6   1.44272
    28.7   1.44954
    28.8   1.45636
    28.9   1.46318
      29      1.47
    29.1    1.4784
    29.2    1.4868
    29.3    1.4952
    29.4    1.5036
    29.5     1.512
    29.6    1.5204
    29.7    1.5288
    29.8    1.5372
    29.9    1.5456
      30     1.554
    30.1    1.5624
    30.2    1.5708
    30.3    1.5792
    30.4    1.5876
    30.5     1.596
    30.6    1.6044
    30.7    1.6128
    30.8    1.6212
    30.9    1.6296
      31     1.638
    31.1    1.6464
    31.2    1.6548
    31.3    1.6632
    31.4    1.6716
    31.5      1.68
    31.6    1.6884
    31.7    1.6968
    31.8    1.7052
    31.9    1.7136
      32     1.722
    32.1    1.7304
    32.2    1.7388
    32.3    1.7472
    32.4    1.7556
    32.5     1.764
    32.6    1.7724
    32.7    1.7808
    32.8    1.7892
    32.9    1.7976
      33     1.806
    33.1    1.8144
    33.2    1.8228
    33.3    1.8312
    33.4    1.8396
    33.5     1.848
    33.6    1.8564
    33.7    1.8648
    33.8    1.8732
    33.9    1.8816
      34      1.89
    34.1    1.8984
    34.2    1.9068
    34.3    1.9152
    34.4    1.9236
    34.5     1.932
    34.6    1.9404
    34.7    1.9488
    34.8    1.9572
    34.9    1.9656
      35     1.974
    35.1    1.9824
    35.2    1.9908
    35.3    1.9992
    35.4    2.0076
    35.5     2.016
    35.6    2.0244
    35.7    2.0328
    35.8    2.0412
    35.9    2.0496
      36     2.058
    36.1    2.0664
    36.2    2.0748
    36.3    2.0832
    36.4    2.0916
    36.5       2.1
    36.6    2.1084
    36.7    2.1168
    36.8    2.1252
    36.9    2.1336
      37     2.142
    37.1    2.1504
    37.2    2.1588
    37.3    2.1672
    37.4    2.1756
    37.5     2.184
    37.6    2.1924
    37.7    2.2008
    37.8    2.2092
    37.9    2.2176
      38     2.226
    38.1    2.2344
    38.2    2.2428
    38.3    2.2512
    38.4    2.2596
    38.5     2.268
    38.6    2.2764
    38.7    2.2848
    38.8    2.2932
    38.9    2.3016
      39      2.31
    39.1    2.3162
    39.2    2.3224
    39.3    2.3286
    39.4    2.3348
    39.5     2.341
    39.6    2.3472
    39.7    2.3534
    39.8    2.3596
    39.9    2.3658
      40     2.372
    40.1    2.3782
    40.2    2.3844
    40.3    2.3906
    40.4    2.3968
    40.5     2.403
    40.6    2.4092
    40.7    2.4154
    40.8    2.4216
    40.9    2.4278
      41     2.434
    41.1    2.4402
    41.2    2.4464
    41.3    2.4526
    41.4    2.4588
    41.5     2.465
    41.6    2.4712
    41.7    2.4774
    41.8    2.4836
    41.9    2.4898
      42     2.496
    42.1    2.5022
    42.2    2.5084
    42.3    2.5146
    42.4    2.5208
    42.5     2.527
    42.6    2.5332
    42.7    2.5394
    42.8    2.5456
    42.9    2.5518
      43     2.558
    43.1    2.5642
    43.2    2.5704
    43.3    2.5766
    43.4    2.5828
    43.5     2.589
    43.6    2.5952
    43.7    2.6014
    43.8    2.6076
    43.9    2.6138
      44      2.62
    44.1    2.6262
    44.2    2.6324
    44.3    2.6386
    44.4    2.6448
    44.5     2.651
    44.6    2.6572
    44.7    2.6634
    44.8    2.6696
    44.9    2.6758
      45     2.682
    45.1    2.6882
    45.2    2.6944
    45.3    2.7006
    45.4    2.7068
    45.5     2.713
    45.6    2.7192
    45.7    2.7254
    45.8    2.7316
    45.9    2.7378
      46     2.744
    46.1    2.7502
    46.2    2.7564
    46.3    2.7626
    46.4    2.7688
    46.5     2.775
    46.6    2.7812
    46.7    2.7874
    46.8    2.7936
    46.9    2.7998
      47     2.806
    47.1    2.8122
    47.2    2.8184
    47.3    2.8246
    47.4    2.8308
    47.5     2.837
    47.6    2.8432
    47.7    2.8494
    47.8    2.8556
    47.9    2.8618
      48     2.868
    48.1    2.8742
    48.2    2.8804
    48.3    2.8866
    48.4    2.8928
    48.5     2.899
    48.6    2.9052
    48.7    2.9114
    48.8    2.9176
    48.9    2.9238
      49      2.93
    49.1    2.9359
    49.2    2.9418
    49.3    2.9477
    49.4    2.9536
    49.5    2.9595
    49.6    2.9654
    49.7    2.9713
    49.8    2.9772
    49.9    2.9831
      50     2.989
    50.1    2.9949
    50.2    3.0008
    50.3    3.0067
    50.4    3.0126
    50.5    3.0185
    50.6    3.0244
    50.7    3.0303
    50.8    3.0362
    50.9    3.0421
      51     3.048
    51.1    3.0539
    51.2    3.0598
    51.3    3.0657
    51.4    3.0716
    51.5    3.0775
    51.6    3.0834
    51.7    3.0893
    51.8    3.0952
    51.9    3.1011
      52     3.107
    52.1    3.1129
    52.2    3.1188
    52.3    3.1247
    52.4    3.1306
    52.5    3.1365
    52.6    3.1424
    52.7    3.1483
    52.8    3.1542
    52.9    3.1601
      53     3.166
    53.1    3.1719
    53.2    3.1778
    53.3    3.1837
    53.4    3.1896
    53.5    3.1955
    53.6    3.2014
    53.7    3.2073
    53.8    3.2132
    53.9    3.2191
      54     3.225
    54.1    3.2309
    54.2    3.2368
    54.3    3.2427
    54.4    3.2486
    54.5    3.2545
    54.6    3.2604
    54.7    3.2663
    54.8    3.2722
    54.9    3.2781
      55     3.284
    55.1    3.2899
    55.2    3.2958
    55.3    3.3017
    55.4    3.3076
    55.5    3.3135
    55.6    3.3194
    55.7    3.3253
    55.8    3.3312
    55.9    3.3371
      56     3.343
    56.1    3.3489
    56.2    3.3548
    56.3    3.3607
    56.4    3.3666
    56.5    3.3725
    56.6    3.3784
    56.7    3.3843
    56.8    3.3902
    56.9    3.3961
      57     3.402
    57.1    3.4079
    57.2    3.4138
    57.3    3.4197
    57.4    3.4256
    57.5    3.4315
    57.6    3.4374
    57.7    3.4433
    57.8    3.4492
    57.9    3.4551
      58     3.461
    58.1    3.4669
    58.2    3.4728
    58.3    3.4787
    58.4    3.4846
    58.5    3.4905
    58.6    3.4964
    58.7    3.5023
    58.8    3.5082
    58.9    3.5141
      59      3.52
    59.1    3.5268
    59.2    3.5336
    59.3    3.5404
    59.4    3.5472
    59.5     3.554
    59.6    3.5608
    59.7    3.5676
    59.8    3.5744
    59.9    3.5812
      60     3.588
    60.1    3.5948
    60.2    3.6016
    60.3    3.6084
    60.4    3.6152
    60.5     3.622
    60.6    3.6288
    60.7    3.6356
    60.8    3.6424
    60.9    3.6492
      61     3.656
    61.1    3.6628
    61.2    3.6696
    61.3    3.6764
    61.4    3.6832
    61.5      3.69
    61.6    3.6968
    61.7    3.7036
    61.8    3.7104
    61.9    3.7172
      62     3.724
    62.1    3.7308
    62.2    3.7376
    62.3    3.7444
    62.4    3.7512
    62.5     3.758
    62.6    3.7648
    62.7    3.7716
    62.8    3.7784
    62.9    3.7852
      63     3.792
    63.1    3.7988
    63.2    3.8056
    63.3    3.8124
    63.4    3.8192
    63.5     3.826
    63.6    3.8328
    63.7    3.8396
    63.8    3.8464
    63.9    3.8532
      64      3.86
    64.1    3.8668
    64.2    3.8736
    64.3    3.8804
    64.4    3.8872
    64.5     3.894
    64.6    3.9008
    64.7    3.9076
    64.8    3.9144
    64.9    3.9212
      65     3.928
    65.1    3.9348
    65.2    3.9416
    65.3    3.9484
    65.4    3.9552
    65.5     3.962
    65.6    3.9688
    65.7    3.9756
    65.8    3.9824
    65.9    3.9892
      66     3.996
    66.1    4.0028
    66.2    4.0096
    66.3    4.0164
    66.4    4.0232
    66.5      4.03
    66.6    4.0368
    66.7    4.0436
    66.8    4.0504
    66.9    4.0572
      67     4.064
    67.1    4.0708
    67.2    4.0776
    67.3    4.0844
    67.4    4.0912
    67.5     4.098
    67.6    4.1048
    67.7    4.1116
    67.8    4.1184
    67.9    4.1252
      68     4.132
    68.1    4.1388
    68.2    4.1456
    68.3    4.1524
    68.4    4.1592
    68.5     4.166
    68.6    4.1728
    68.7    4.1796
    68.8    4.1864
    68.9    4.1932
      69       4.2
    69.1    4.2068
    69.2    4.2136
    69.3    4.2204
    69.4    4.2272
    69.5     4.234
    69.6    4.2408
    69.7    4.2476
    69.8    4.2544
    69.9    4.2612
      70     4.268
    70.1    4.2748
    70.2    4.2816
    70.3    4.2884
    70.4    4.2952
    70.5     4.302
    70.6    4.3088
    70.7    4.3156
    70.8    4.3224
    70.9    4.3292
      71     4.336
    71.1    4.3428
    71.2    4.3496
    71.3    4.3564
    71.4    4.3632
    71.5      4.37
    71.6    4.3768
    71.7    4.3836
    71.8    4.3904
    71.9    4.3972
      72     4.404
    72.1    4.4108
    72.2    4.4176
    72.3    4.4244
    72.4    4.4312
    72.5     4.438
    72.6    4.4448
    72.7    4.4516
    72.8    4.4584
    72.9    4.4652
      73     4.472
    73.1    4.4788
    73.2    4.4856
    73.3    4.4924
    73.4    4.4992
    73.5     4.506
    73.6    4.5128
    73.7    4.5196
    73.8    4.5264
    73.9    4.5332
      74      4.54
    74.1    4.5468
    74.2    4.5536
    74.3    4.5604
    74.4    4.5672
    74.5     4.574
    74.6    4.5808
    74.7    4.5876
    74.8    4.5944
    74.9    4.6012
      75     4.608
    75.1    4.6148
    75.2    4.6216
    75.3    4.6284
    75.4    4.6352
    75.5     4.642
    75.6    4.6488
    75.7    4.6556
    75.8    4.6624
    75.9    4.6692
      76     4.676
    76.1    4.6828
    76.2    4.6896
    76.3    4.6964
    76.4    4.7032
    76.5      4.71
    76.6    4.7168
    76.7    4.7236
    76.8    4.7304
    76.9    4.7372
      77     4.744
    77.1    4.7508
    77.2    4.7576
    77.3    4.7644
    77.4    4.7712
    77.5     4.778
    77.6    4.7848
    77.7    4.7916
    77.8    4.7984
    77.9    4.8052
      78     4.812
    78.1    4.8188
    78.2    4.8256
    78.3    4.8324
    78.4    4.8392
    78.5     4.846
    78.6    4.8528
    78.7    4.8596
    78.8    4.8664
    78.9    4.8732
      79      4.88
    79.1    4.8845
    79.2     4.889
    79.3    4.8935
    79.4     4.898
    79.5    4.9025
    79.6     4.907
    79.7    4.9115
    79.8     4.916
    79.9    4.9205
      80     4.925
    80.1    4.9295
    80.2     4.934
    80.3    4.9385
    80.4     4.943
    80.5    4.9475
    80.6     4.952
    80.7    4.9565
    80.8     4.961
    80.9    4.9655
      81      4.97
    81.1    4.9745
    81.2     4.979
    81.3    4.9835
    81.4     4.988
    81.5    4.9925
    81.6     4.997
    81.7    5.0015
    81.8     5.006
    81.9    5.0105
      82     5.015
    82.1    5.0195
    82.2     5.024
    82.3    5.0285
    82.4     5.033
    82.5    5.0375
    82.6     5.042
    82.7    5.0465
    82.8     5.051
    82.9    5.0555
      83      5.06
    83.1    5.0645
    83.2     5.069
    83.3    5.0735
    83.4     5.078
    83.5    5.0825
    83.6     5.087
    83.7    5.0915
    83.8     5.096
    83.9    5.1005
      84     5.105
    84.1    5.1095
    84.2     5.114
    84.3    5.1185
    84.4     5.123
    84.5    5.1275
    84.6     5.132
    84.7    5.1365
    84.8     5.141
    84.9    5.1455
      85      5.15
    85.1    5.1545
    85.2     5.159
    85.3    5.1635
    85.4     5.168
    85.5    5.1725
    85.6     5.177
    85.7    5.1815
    85.8     5.186
    85.9    5.1905
      86     5.195
    86.1    5.1995
    86.2     5.204
    86.3    5.2085
    86.4     5.213
    86.5    5.2175
    86.6     5.222
    86.7    5.2265
    86.8     5.231
    86.9    5.2355
      87      5.24
    87.1    5.2445
    87.2     5.249
    87.3    5.2535
    87.4     5.258
    87.5    5.2625
    87.6     5.267
    87.7    5.2715
    87.8     5.276
    87.9    5.2805
      88     5.285
    88.1    5.2895
    88.2     5.294
    88.3    5.2985
    88.4     5.303
    88.5    5.3075
    88.6     5.312
    88.7    5.3165
    88.8     5.321
    88.9    5.3255
      89      5.33
    89.1    5.3342
    89.2    5.3384
    89.3    5.3426
    89.4    5.3468
    89.5     5.351
    89.6    5.3552
    89.7    5.3594
    89.8    5.3636
    89.9    5.3678
      90     5.372
    90.1    5.3762
    90.2    5.3804
    90.3    5.3846
    90.4    5.3888
    90.5     5.393
    90.6    5.3972
    90.7    5.4014
    90.8    5.4056
    90.9    5.4098
      91     5.414
    91.1    5.4182
    91.2    5.4224
    91.3    5.4266
    91.4    5.4308
    91.5     5.435
    91.6    5.4392
    91.7    5.4434
    91.8    5.4476
    91.9    5.4518
      92     5.456
    92.1    5.4602
    92.2    5.4644
    92.3    5.4686
    92.4    5.4728
    92.5     5.477
    92.6    5.4812
    92.7    5.4854
    92.8    5.4896
    92.9    5.4938
      93     5.498
    93.1    5.5022
    93.2    5.5064
    93.3    5.5106
    93.4    5.5148
    93.5     5.519
    93.6    5.5232
    93.7    5.5274
    93.8    5.5316
    93.9    5.5358
      94      5.54
    94.1    5.5442
    94.2    5.5484
    94.3    5.5526
    94.4    5.5568
    94.5     5.561
    94.6    5.5652
    94.7    5.5694
    94.8    5.5736
    94.9    5.5778
      95     5.582
    95.1    5.5862
    95.2    5.5904
    95.3    5.5946
    95.4    5.5988
    95.5     5.603
    95.6    5.6072
    95.7    5.6114
    95.8    5.6156
    95.9    5.6198
      96     5.624
    96.1    5.6282
    96.2    5.6324
    96.3    5.6366
    96.4    5.6408
    96.5     5.645
    96.6    5.6492
    96.7    5.6534
    96.8    5.6576
    96.9    5.6618
      97     5.666
    97.1    5.6702
    97.2    5.6744
    97.3    5.6786
    97.4    5.6828
    97.5     5.687
    97.6    5.6912
    97.7    5.6954
    97.8    5.6996
    97.9    5.7038
      98     5.708
    98.1    5.7122
    98.2    5.7164
    98.3    5.7206
    98.4    5.7248
    98.5     5.729
    98.6    5.7332
    98.7    5.7374
    98.8    5.7416
    98.9    5.7458
      99      5.75
    99.1  5.7506857
    99.2  5.7513714
    99.3  5.7520571
    99.4  5.7527429
    99.5  5.7534286
    99.6  5.7541143
    99.7    5.7548
    99.8  5.7554857
    99.9  5.7561714
     100  5.7568571
   100.1  5.7575429
   100.2  5.7582286
   100.3  5.7589143
   100.4    5.7596
   100.5  5.7602857
   100.6  5.7609714
   100.7  5.7616571
   100.8  5.7623429
   100.9  5.7630286
     101  5.7637143
   101.1    5.7644
   101.2  5.7650857
   101.3  5.7657714
   101.4  5.7664571
   101.5  5.7671429
   101.6  5.7678286
   101.7  5.7685143
   101.8    5.7692
   101.9  5.7698857
     102  5.7705714
   102.1  5.7712571
   102.2  5.7719429
   102.3  5.7726286
   102.4  5.7733143
   102.5     5.774
   102.6  5.7746857
   102.7  5.7753714
   102.8  5.7760571
   102.9  5.7767429
     103  5.7774286
   103.1  5.7781143
   103.2    5.7788
   103.3  5.7794857
   103.4  5.7801714
   103.5  5.7808571
   103.6  5.7815429
   103.7  5.7822286
   103.8  5.7829143
   103.9    5.7836
     104  5.7842857
   104.1  5.7849714
   104.2  5.7856571
   104.3  5.7863429
   104.4  5.7870286
   104.5  5.7877143
   104.6    5.7884
   104.7  5.7890857
   104.8  5.7897714
   104.9  5.7904571
     105  5.7911429
   105.1  5.7918286
   105.2  5.7925143
   105.3    5.7932
   105.4  5.7938857
   105.5  5.7945714
   105.6  5.7952571
   105.7  5.7959429
   105.8  5.7966286
   105.9  5.7973143
     106     5.798
   106.1  5.7986857
   106.2  5.7993714
   106.3  5.8000571
   106.4  5.8007429
   106.5  5.8014286
   106.6  5.8021143
   106.7    5.8028
   106.8  5.8034857
   106.9  5.8041714
     107  5.8048571
   107.1  5.8055429
   107.2  5.8062286
   107.3  5.8069143
   107.4    5.8076
   107.5  5.8082857
   107.6  5.8089714
   107.7  5.8096571
   107.8  5.8103429
   107.9  5.8110286
     108  5.8117143
   108.1    5.8124
   108.2  5.8130857
   108.3  5.8137714
   108.4  5.8144571
   108.5  5.8151429
   108.6  5.8158286
   108.7  5.8165143
   108.8    5.8172
   108.9  5.8178857
     109  5.8185714
   109.1  5.8192571
   109.2  5.8199429
   109.3  5.8206286
   109.4  5.8213143
   109.5     5.822
   109.6  5.8226857
   109.7  5.8233714
   109.8  5.8240571
   109.9  5.8247429
     110  5.8254286
   110.1  5.8261143
   110.2    5.8268
   110.3  5.8274857
   110.4  5.8281714
   110.5  5.8288571
   110.6  5.8295429
   110.7  5.8302286
   110.8  5.8309143
   110.9    5.8316
     111  5.8322857
   111.1  5.8329714
   111.2  5.8336571
   111.3  5.8343429
   111.4  5.8350286
   111.5  5.8357143
   111.6    5.8364
   111.7  5.8370857
   111.8  5.8377714
   111.9  5.8384571
     112  5.8391429
   112.1  5.8398286
   112.2  5.8405143
   112.3    5.8412
   112.4  5.8418857
   112.5  5.8425714
   112.6  5.8432571
   112.7  5.8439429
   112.8  5.8446286
   112.9  5.8453143
     113     5.846
   113.1  5.8466857
   113.2  5.8473714
   113.3  5.8480571
   113.4  5.8487429
   113.5  5.8494286
   113.6  5.8501143
   113.7    5.8508
   113.8  5.8514857
   113.9  5.8521714
     114  5.8528571
   114.1  5.8535429
   114.2  5.8542286
   114.3  5.8549143
   114.4    5.8556
   114.5  5.8562857
   114.6  5.8569714
   114.7  5.8576571
   114.8  5.8583429
   114.9  5.8590286
     115  5.8597143
   115.1    5.8604
   115.2  5.8610857
   115.3  5.8617714
   115.4  5.8624571
   115.5  5.8631429
   115.6  5.8638286
   115.7  5.8645143
   115.8    5.8652
   115.9  5.8658857
     116  5.8665714
   116.1  5.8672571
   116.2  5.8679429
   116.3  5.8686286
   116.4  5.8693143
   116.5      5.87
   116.6  5.8706857
   116.7  5.8713714
   116.8  5.8720571
   116.9  5.8727429
     117  5.8734286
   117.1  5.8741143
   117.2    5.8748
   117.3  5.8754857
   117.4  5.8761714
   117.5  5.8768571
   117.6  5.8775429
   117.7  5.8782286
   117.8  5.8789143
   117.9    5.8796
     118  5.8802857
   118.1  5.8809714
   118.2  5.8816571
   118.3  5.8823429
   118.4  5.8830286
   118.5  5.8837143
   118.6    5.8844
   118.7  5.8850857
   118.8  5.8857714
   118.9  5.8864571
     119  5.8871429
   119.1  5.8878286
   119.2  5.8885143
   119.3    5.8892
   119.4  5.8898857
   119.5  5.8905714
   119.6  5.8912571
   119.7  5.8919429
   119.8  5.8926286
   119.9  5.8933143
     120     5.894
   120.1  5.8946857
   120.2  5.8953714
   120.3  5.8960571
   120.4  5.8967429
   120.5  5.8974286
   120.6  5.8981143
   120.7    5.8988
   120.8  5.8994857
   120.9  5.9001714
     121  5.9008571
   121.1  5.9015429
   121.2  5.9022286
   121.3  5.9029143
   121.4    5.9036
   121.5  5.9042857
   121.6  5.9049714
   121.7  5.9056571
   121.8  5.9063429
   121.9  5.9070286
     122  5.9077143
   122.1    5.9084
   122.2  5.9090857
   122.3  5.9097714
   122.4  5.9104571
   122.5  5.9111429
   122.6  5.9118286
   122.7  5.9125143
   122.8    5.9132
   122.9  5.9138857
     123  5.9145714
   123.1  5.9152571
   123.2  5.9159429
   123.3  5.9166286
   123.4  5.9173143
   123.5     5.918
   123.6  5.9186857
   123.7  5.9193714
   123.8  5.9200571
   123.9  5.9207429
     124  5.9214286
   124.1  5.9221143
   124.2    5.9228
   124.3  5.9234857
   124.4  5.9241714
   124.5  5.9248571
   124.6  5.9255429
   124.7  5.9262286
   124.8  5.9269143
   124.9    5.9276
     125  5.9282857
   125.1  5.9289714
   125.2  5.9296571
   125.3  5.9303429
   125.4  5.9310286
   125.5  5.9317143
   125.6    5.9324
   125.7  5.9330857
   125.8  5.9337714
   125.9  5.9344571
     126  5.9351429
   126.1  5.9358286
   126.2  5.9365143
   126.3    5.9372
   126.4  5.9378857
   126.5  5.9385714
   126.6  5.9392571
   126.7  5.9399429
   126.8  5.9406286
   126.9  5.9413143
     127     5.942
   127.1  5.9426857
   127.2  5.9433714
   127.3  5.9440571
   127.4  5.9447429
   127.5  5.9454286
   127.6  5.9461143
   127.7    5.9468
   127.8  5.9474857
   127.9  5.9481714
     128  5.9488571
   128.1  5.9495429
   128.2  5.9502286
   128.3  5.9509143
   128.4    5.9516
   128.5  5.9522857
   128.6  5.9529714
   128.7  5.9536571
   128.8  5.9543429
   128.9  5.9550286
     129  5.9557143
   129.1    5.9564
   129.2  5.9570857
   129.3  5.9577714
   129.4  5.9584571
   129.5  5.9591429
   129.6  5.9598286
   129.7  5.9605143
   129.8    5.9612
   129.9  5.9618857
     130  5.9625714
   130.1  5.9632571
   130.2  5.9639429
   130.3  5.9646286
   130.4  5.9653143
   130.5     5.966
   130.6  5.9666857
   130.7  5.9673714
   130.8  5.9680571
   130.9  5.9687429
     131  5.9694286
   131.1  5.9701143
   131.2    5.9708
   131.3  5.9714857
   131.4  5.9721714
   131.5  5.9728571
   131.6  5.9735429
   131.7  5.9742286
   131.8  5.9749143
   131.9    5.9756
     132  5.9762857
   132.1  5.9769714
   132.2  5.9776571
   132.3  5.9783429
   132.4  5.9790286
   132.5  5.9797143
   132.6    5.9804
   132.7  5.9810857
   132.8  5.9817714
   132.9  5.9824571
     133  5.9831429
   133.1  5.9838286
   133.2  5.9845143
   133.3    5.9852
   133.4  5.9858857
   133.5  5.9865714
   133.6  5.9872571
   133.7  5.9879429
   133.8  5.9886286
   133.9  5.9893143
     134      5.99
   134.1  5.9906857
   134.2  5.9913714
   134.3  5.9920571
   134.4  5.9927429
   134.5  5.9934286
   134.6  5.9941143
   134.7    5.9948
   134.8  5.9954857
   134.9  5.9961714
     135  5.9968571
   135.1  5.9975429
   135.2  5.9982286
   135.3  5.9989143
   135.4    5.9996
   135.5  6.0002857
   135.6  6.0009714
   135.7  6.0016571
   135.8  6.0023429
   135.9  6.0030286
     136  6.0037143
   136.1    6.0044
   136.2  6.0050857
   136.3  6.0057714
   136.4  6.0064571
   136.5  6.0071429
   136.6  6.0078286
   136.7  6.0085143
   136.8    6.0092
   136.9  6.0098857
     137  6.0105714
   137.1  6.0112571
   137.2  6.0119429
   137.3  6.0126286
   137.4  6.0133143
   137.5     6.014
   137.6  6.0146857
   137.7  6.0153714
   137.8  6.0160571
   137.9  6.0167429
     138  6.0174286
   138.1  6.0181143
   138.2    6.0188
   138.3  6.0194857
   138.4  6.0201714
   138.5  6.0208571
   138.6  6.0215429
   138.7  6.0222286
   138.8  6.0229143
   138.9    6.0236
     139  6.0242857
   139.1  6.0249714
   139.2  6.0256571
   139.3  6.0263429
   139.4  6.0270286
   139.5  6.0277143
   139.6    6.0284
   139.7  6.0290857
   139.8  6.0297714
   139.9  6.0304571
     140  6.0311429
   140.1  6.0318286
   140.2  6.0325143
   140.3    6.0332
   140.4  6.0338857
   140.5  6.0345714
   140.6  6.0352571
   140.7  6.0359429
   140.8  6.0366286
   140.9  6.0373143
     141     6.038
   141.1  6.0386857
   141.2  6.0393714
   141.3  6.0400571
   141.4  6.0407429
   141.5  6.0414286
   141.6  6.0421143
   141.7    6.0428
   141.8  6.0434857
   141.9  6.0441714
     142  6.0448571
   142.1  6.0455429
   142.2  6.0462286
   142.3  6.0469143
   142.4    6.0476
   142.5  6.0482857
   142.6  6.0489714
   142.7  6.0496571
   142.8  6.0503429
   142.9  6.0510286
     143  6.0517143
   143.1    6.0524
   143.2  6.0530857
   143.3  6.0537714
   143.4  6.0544571
   143.5  6.0551429
   143.6  6.0558286
   143.7  6.0565143
   143.8    6.0572
   143.9  6.0578857
     144  6.0585714
   144.1  6.0592571
   144.2  6.0599429
   144.3  6.0606286
   144.4  6.0613143
   144.5     6.062
   144.6  6.0626857
   144.7  6.0633714
   144.8  6.0640571
   144.9  6.0647429
     145  6.0654286
   145.1  6.0661143
   145.2    6.0668
   145.3  6.0674857
   145.4  6.0681714
   145.5  6.0688571
   145.6  6.0695429
   145.7  6.0702286
   145.8  6.0709143
   145.9    6.0716
     146  6.0722857
   146.1  6.0729714
   146.2  6.0736571
   146.3  6.0743429
   146.4  6.0750286
   146.5  6.0757143
   146.6    6.0764
   146.7  6.0770857
   146.8  6.0777714
   146.9  6.0784571
     147  6.0791429
   147.1  6.0798286
   147.2  6.0805143
   147.3    6.0812
   147.4  6.0818857
   147.5  6.0825714
   147.6  6.0832571
   147.7  6.0839429
   147.8  6.0846286
   147.9  6.0853143
     148     6.086
   148.1  6.0866857
   148.2  6.0873714
   148.3  6.0880571
   148.4  6.0887429
   148.5  6.0894286
   148.6  6.0901143
   148.7    6.0908
   148.8  6.0914857
   148.9  6.0921714
     149  6.0928571
   149.1  6.0935429
   149.2  6.0942286
   149.3  6.0949143
   149.4    6.0956
   149.5  6.0962857
   149.6  6.0969714
   149.7  6.0976571
   149.8  6.0983429
   149.9  6.0990286
     150  6.0997143
   150.1    6.1004
   150.2  6.1010857
   150.3  6.1017714
   150.4  6.1024571
   150.5  6.1031429
   150.6  6.1038286
   150.7  6.1045143
   150.8    6.1052
   150.9  6.1058857
     151  6.1065714
   151.1  6.1072571
   151.2  6.1079429
   151.3  6.1086286
   151.4  6.1093143
   151.5      6.11
   151.6  6.1106857
   151.7  6.1113714
   151.8  6.1120571
   151.9  6.1127429
     152  6.1134286
   152.1  6.1141143
   152.2    6.1148
   152.3  6.1154857
   152.4  6.1161714
   152.5  6.1168571
   152.6  6.1175429
   152.7  6.1182286
   152.8  6.1189143
   152.9    6.1196
     153  6.1202857
   153.1  6.1209714
   153.2  6.1216571
   153.3  6.1223429
   153.4  6.1230286
   153.5  6.1237143
   153.6    6.1244
   153.7  6.1250857
   153.8  6.1257714
   153.9  6.1264571
     154  6.1271429
   154.1  6.1278286
   154.2  6.1285143
   154.3    6.1292
   154.4  6.1298857
   154.5  6.1305714
   154.6  6.1312571
   154.7  6.1319429
   154.8  6.1326286
   154.9  6.1333143
     155     6.134
   155.1  6.1346857
   155.2  6.1353714
   155.3  6.1360571
   155.4  6.1367429
   155.5  6.1374286
   155.6  6.1381143
   155.7    6.1388
   155.8  6.1394857
   155.9  6.1401714
     156  6.1408571
   156.1  6.1415429
   156.2  6.1422286
   156.3  6.1429143
   156.4    6.1436
   156.5  6.1442857
   156.6  6.1449714
   156.7  6.1456571
   156.8  6.1463429
   156.9  6.1470286
     157  6.1477143
   157.1    6.1484
   157.2  6.1490857
   157.3  6.1497714
   157.4  6.1504571
   157.5  6.1511429
   157.6  6.1518286
   157.7  6.1525143
   157.8    6.1532
   157.9  6.1538857
     158  6.1545714
   158.1  6.1552571
   158.2  6.1559429
   158.3  6.1566286
   158.4  6.1573143
   158.5     6.158
   158.6  6.1586857
   158.7  6.1593714
   158.8  6.1600571
   158.9  6.1607429
     159  6.1614286
   159.1  6.1621143
   159.2    6.1628
   159.3  6.1634857
   159.4  6.1641714
   159.5  6.1648571
   159.6  6.1655429
   159.7  6.1662286
   159.8  6.1669143
   159.9    6.1676
     160  6.1682857
   160.1  6.1689714
   160.2  6.1696571
   160.3  6.1703429
   160.4  6.1710286
   160.5  6.1717143
   160.6    6.1724
   160.7  6.1730857
   160.8  6.1737714
   160.9  6.1744571
     161  6.1751429
   161.1  6.1758286
   161.2  6.1765143
   161.3    6.1772
   161.4  6.1778857
   161.5  6.1785714
   161.6  6.1792571
   161.7  6.1799429
   161.8  6.1806286
   161.9  6.1813143
     162     6.182
   162.1  6.1826857
   162.2  6.1833714
   162.3  6.1840571
   162.4  6.1847429
   162.5  6.1854286
   162.6  6.1861143
   162.7    6.1868
   162.8  6.1874857
   162.9  6.1881714
     163  6.1888571
   163.1  6.1895429
   163.2  6.1902286
   163.3  6.1909143
   163.4    6.1916
   163.5  6.1922857
   163.6  6.1929714
   163.7  6.1936571
   163.8  6.1943429
   163.9  6.1950286
     164  6.1957143
   164.1    6.1964
   164.2  6.1970857
   164.3  6.1977714
   164.4  6.1984571
   164.5  6.1991429
   164.6  6.1998286
   164.7  6.2005143
   164.8    6.2012
   164.9  6.2018857
     165  6.2025714
   165.1  6.2032571
   165.2  6.2039429
   165.3  6.2046286
   165.4  6.2053143
   165.5     6.206
   165.6  6.2066857
   165.7  6.2073714
   165.8  6.2080571
   165.9  6.2087429
     166  6.2094286
   166.1  6.2101143
   166.2    6.2108
   166.3  6.2114857
   166.4  6.2121714
   166.5  6.2128571
   166.6  6.2135429
   166.7  6.2142286
   166.8  6.2149143
   166.9    6.2156
     167  6.2162857
   167.1  6.2169714
   167.2  6.2176571
   167.3  6.2183429
   167.4  6.2190286
   167.5  6.2197143
   167.6    6.2204
   167.7  6.2210857
   167.8  6.2217714
   167.9  6.2224571
     168  6.2231429
   168.1  6.2238286
   168.2  6.2245143
   168.3    6.2252
   168.4  6.2258857
   168.5  6.2265714
   168.6  6.2272571
   168.7  6.2279429
   168.8  6.2286286
   168.9  6.2293143
     169      6.23
   169.1  6.2308286
   169.2  6.2316571
   169.3  6.2324857
   169.4  6.2333143
   169.5  6.2341429
   169.6  6.2349714
   169.7    6.2358
   169.8  6.2366286
   169.9  6.2374571
     170  6.2382857
   170.1  6.2391143
   170.2  6.2399429
   170.3  6.2407714
   170.4    6.2416
   170.5  6.2424286
   170.6  6.2432571
   170.7  6.2440857
   170.8  6.2449143
   170.9  6.2457429
     171  6.2465714
   171.1    6.2474
   171.2  6.2482286
   171.3  6.2490571
   171.4  6.2498857
   171.5  6.2507143
   171.6  6.2515429
   171.7  6.2523714
   171.8    6.2532
   171.9  6.2540286
     172  6.2548571
   172.1  6.2556857
   172.2  6.2565143
   172.3  6.2573429
   172.4  6.2581714
   172.5     6.259
   172.6  6.2598286
   172.7  6.2606571
   172.8  6.2614857
   172.9  6.2623143
     173  6.2631429
   173.1  6.2639714
   173.2    6.2648
   173.3  6.2656286
   173.4  6.2664571
   173.5  6.2672857
   173.6  6.2681143
   173.7  6.2689429
   173.8  6.2697714
   173.9    6.2706
     174  6.2714286
   174.1  6.2722571
   174.2  6.2730857
   174.3  6.2739143
   174.4  6.2747429
   174.5  6.2755714
   174.6    6.2764
   174.7  6.2772286
   174.8  6.2780571
   174.9  6.2788857
     175  6.2797143
   175.1  6.2805429
   175.2  6.2813714
   175.3    6.2822
   175.4  6.2830286
   175.5  6.2838571
   175.6  6.2846857
   175.7  6.2855143
   175.8  6.2863429
   175.9  6.2871714
     176     6.288
   176.1  6.2888286
   176.2  6.2896571
   176.3  6.2904857
   176.4  6.2913143
   176.5  6.2921429
   176.6  6.2929714
   176.7    6.2938
   176.8  6.2946286
   176.9  6.2954571
     177  6.2962857
   177.1  6.2971143
   177.2  6.2979429
   177.3  6.2987714
   177.4    6.2996
   177.5  6.3004286
   177.6  6.3012571
   177.7  6.3020857
   177.8  6.3029143
   177.9  6.3037429
     178  6.3045714
   178.1    6.3054
   178.2  6.3062286
   178.3  6.3070571
   178.4  6.3078857
   178.5  6.3087143
   178.6  6.3095429
   178.7  6.3103714
   178.8    6.3112
   178.9  6.3120286
     179  6.3128571
   179.1  6.3136857
   179.2  6.3145143
   179.3  6.3153429
   179.4  6.3161714
   179.5     6.317
   179.6  6.3178286
   179.7  6.3186571
   179.8  6.3194857
   179.9  6.3203143
     180  6.3211429
   180.1  6.3219714
   180.2    6.3228
   180.3  6.3236286
   180.4  6.3244571
   180.5  6.3252857
   180.6  6.3261143
   180.7  6.3269429
   180.8  6.3277714
   180.9    6.3286
     181  6.3294286
   181.1  6.3302571
   181.2  6.3310857
   181.3  6.3319143
   181.4  6.3327429
   181.5  6.3335714
   181.6    6.3344
   181.7  6.3352286
   181.8  6.3360571
   181.9  6.3368857
     182  6.3377143
   182.1  6.3385429
   182.2  6.3393714
   182.3    6.3402
   182.4  6.3410286
   182.5  6.3418571
   182.6  6.3426857
   182.7  6.3435143
   182.8  6.3443429
   182.9  6.3451714
     183     6.346
   183.1  6.3468286
   183.2  6.3476571
   183.3  6.3484857
   183.4  6.3493143
   183.5  6.3501429
   183.6  6.3509714
   183.7    6.3518
   183.8  6.3526286
   183.9  6.3534571
     184  6.3542857
   184.1  6.3551143
   184.2  6.3559429
   184.3  6.3567714
   184.4    6.3576
   184.5  6.3584286
   184.6  6.3592571
   184.7  6.3600857
   184.8  6.3609143
   184.9  6.3617429
     185  6.3625714
   185.1    6.3634
   185.2  6.3642286
   185.3  6.3650571
   185.4  6.3658857
   185.5  6.3667143
   185.6  6.3675429
   185.7  6.3683714
   185.8    6.3692
   185.9  6.3700286
     186  6.3708571
   186.1  6.3716857
   186.2  6.3725143
   186.3  6.3733429
   186.4  6.3741714
   186.5     6.375
   186.6  6.3758286
   186.7  6.3766571
   186.8  6.3774857
   186.9  6.3783143
     187  6.3791429
   187.1  6.3799714
   187.2    6.3808
   187.3  6.3816286
   187.4  6.3824571
   187.5  6.3832857
   187.6  6.3841143
   187.7  6.3849429
   187.8  6.3857714
   187.9    6.3866
     188  6.3874286
   188.1  6.3882571
   188.2  6.3890857
   188.3  6.3899143
   188.4  6.3907429
   188.5  6.3915714
   188.6    6.3924
   188.7  6.3932286
   188.8  6.3940571
   188.9  6.3948857
     189  6.3957143
   189.1  6.3965429
   189.2  6.3973714
   189.3    6.3982
   189.4  6.3990286
   189.5  6.3998571
   189.6  6.4006857
   189.7  6.4015143
   189.8  6.4023429
   189.9  6.4031714
     190     6.404
   190.1  6.4048286
   190.2  6.4056571
   190.3  6.4064857
   190.4  6.4073143
   190.5  6.4081429
   190.6  6.4089714
   190.7    6.4098
   190.8  6.4106286
   190.9  6.4114571
     191  6.4122857
   191.1  6.4131143
   191.2  6.4139429
   191.3  6.4147714
   191.4    6.4156
   191.5  6.4164286
   191.6  6.4172571
   191.7  6.4180857
   191.8  6.4189143
   191.9  6.4197429
     192  6.4205714
   192.1    6.4214
   192.2  6.4222286
   192.3  6.4230571
   192.4  6.4238857
   192.5  6.4247143
   192.6  6.4255429
   192.7  6.4263714
   192.8    6.4272
   192.9  6.4280286
     193  6.4288571
   193.1  6.4296857
   193.2  6.4305143
   193.3  6.4313429
   193.4  6.4321714
   193.5     6.433
   193.6  6.4338286
   193.7  6.4346571
   193.8  6.4354857
   193.9  6.4363143
     194  6.4371429
   194.1  6.4379714
   194.2    6.4388
   194.3  6.4396286
   194.4  6.4404571
   194.5  6.4412857
   194.6  6.4421143
   194.7  6.4429429
   194.8  6.4437714
   194.9    6.4446
     195  6.4454286
   195.1  6.4462571
   195.2  6.4470857
   195.3  6.4479143
   195.4  6.4487429
   195.5  6.4495714
   195.6    6.4504
   195.7  6.4512286
   195.8  6.4520571
   195.9  6.4528857
     196  6.4537143
   196.1  6.4545429
   196.2  6.4553714
   196.3    6.4562
   196.4  6.4570286
   196.5  6.4578571
   196.6  6.4586857
   196.7  6.4595143
   196.8  6.4603429
   196.9  6.4611714
     197     6.462
   197.1  6.4628286
   197.2  6.4636571
   197.3  6.4644857
   197.4  6.4653143
   197.5  6.4661429
   197.6  6.4669714
   197.7    6.4678
   197.8  6.4686286
   197.9  6.4694571
     198  6.4702857
   198.1  6.4711143
   198.2  6.4719429
   198.3  6.4727714
   198.4    6.4736
   198.5  6.4744286
   198.6  6.4752571
   198.7  6.4760857
   198.8  6.4769143
   198.9  6.4777429
     199  6.4785714
   199.1    6.4794
   199.2  6.4802286
   199.3  6.4810571
   199.4  6.4818857
   199.5  6.4827143
   199.6  6.4835429
   199.7  6.4843714
   199.8    6.4852
   199.9  6.4860286
     200  6.4868571
   200.1  6.4876857
   200.2  6.4885143
   200.3  6.4893429
   200.4  6.4901714
   200.5     6.491
   200.6  6.4918286
   200.7  6.4926571
   200.8  6.4934857
   200.9  6.4943143
     201  6.4951429
   201.1  6.4959714
   201.2    6.4968
   201.3  6.4976286
   201.4  6.4984571
   201.5  6.4992857
   201.6  6.5001143
   201.7  6.5009429
   201.8  6.5017714
   201.9    6.5026
     202  6.5034286
   202.1  6.5042571
   202.2  6.5050857
   202.3  6.5059143
   202.4  6.5067429
   202.5  6.5075714
   202.6    6.5084
   202.7  6.5092286
   202.8  6.5100571
   202.9  6.5108857
     203  6.5117143
   203.1  6.5125429
   203.2  6.5133714
   203.3    6.5142
   203.4  6.5150286
   203.5  6.5158571
   203.6  6.5166857
   203.7  6.5175143
   203.8  6.5183429
   203.9  6.5191714
     204      6.52
   204.1  6.522175
   204.2   6.52435
   204.3  6.526525
   204.4    6.5287
   204.5  6.530875
   204.6   6.53305
   204.7  6.535225
   204.8    6.5374
   204.9  6.539575
     205   6.54175
   205.1  6.543925
   205.2    6.5461
   205.3  6.548275
   205.4   6.55045
   205.5  6.552625
   205.6    6.5548
   205.7  6.556975
   205.8   6.55915
   205.9  6.561325
     206    6.5635
   206.1  6.565675
   206.2   6.56785
   206.3  6.570025
   206.4    6.5722
   206.5  6.574375
   206.6   6.57655
   206.7  6.578725
   206.8    6.5809
   206.9  6.583075
     207   6.58525
   207.1  6.587425
   207.2    6.5896
   207.3  6.591775
   207.4   6.59395
   207.5  6.596125
   207.6    6.5983
   207.7  6.600475
   207.8   6.60265
   207.9  6.604825
     208     6.607
   208.1  6.609175
   208.2   6.61135
   208.3  6.613525
   208.4    6.6157
   208.5  6.617875
   208.6   6.62005
   208.7  6.622225
   208.8    6.6244
   208.9  6.626575
     209   6.62875
   209.1  6.630925
   209.2    6.6331
   209.3  6.635275
   209.4   6.63745
   209.5  6.639625
   209.6    6.6418
   209.7  6.643975
   209.8   6.64615
   209.9  6.648325
     210    6.6505
   210.1  6.652675
   210.2   6.65485
   210.3  6.657025
   210.4    6.6592
   210.5  6.661375
   210.6   6.66355
   210.7  6.665725
   210.8    6.6679
   210.9  6.670075
     211   6.67225
   211.1  6.674425
   211.2    6.6766
   211.3  6.678775
   211.4   6.68095
   211.5  6.683125
   211.6    6.6853
   211.7  6.687475
   211.8   6.68965
   211.9  6.691825
     212     6.694
   212.1  6.696175
   212.2   6.69835
   212.3  6.700525
   212.4    6.7027
   212.5  6.704875
   212.6   6.70705
   212.7  6.709225
   212.8    6.7114
   212.9  6.713575
     213   6.71575
   213.1  6.717925
   213.2    6.7201
   213.3  6.722275
   213.4   6.72445
   213.5  6.726625
   213.6    6.7288
   213.7  6.730975
   213.8   6.73315
   213.9  6.735325
     214    6.7375
   214.1  6.739675
   214.2   6.74185
   214.3  6.744025
   214.4    6.7462
   214.5  6.748375
   214.6   6.75055
   214.7  6.752725
   214.8    6.7549
   214.9  6.757075
     215   6.75925
   215.1  6.761425
   215.2    6.7636
   215.3  6.765775
   215.4   6.76795
   215.5  6.770125
   215.6    6.7723
   215.7  6.774475
   215.8   6.77665
   215.9  6.778825
     216     6.781
   216.1  6.783175
   216.2   6.78535
   216.3  6.787525
   216.4    6.7897
   216.5  6.791875
   216.6   6.79405
   216.7  6.796225
   216.8    6.7984
   216.9  6.800575
     217   6.80275
   217.1  6.804925
   217.2    6.8071
   217.3  6.809275
   217.4   6.81145
   217.5  6.813625
   217.6    6.8158
   217.7  6.817975
   217.8   6.82015
   217.9  6.822325
     218    6.8245
   218.1  6.826675
   218.2   6.82885
   218.3  6.831025
   218.4    6.8332
   218.5  6.835375
   218.6   6.83755
   218.7  6.839725
   218.8    6.8419
   218.9  6.844075
     219   6.84625
   219.1  6.848425
   219.2    6.8506
   219.3  6.852775
   219.4   6.85495
   219.5  6.857125
   219.6    6.8593
   219.7  6.861475
   219.8   6.86365
   219.9  6.865825
     220     6.868
   220.1  6.870175
   220.2   6.87235
   220.3  6.874525
   220.4    6.8767
   220.5  6.878875
   220.6   6.88105
   220.7  6.883225
   220.8    6.8854
   220.9  6.887575
     221   6.88975
   221.1  6.891925
   221.2    6.8941
   221.3  6.896275
   221.4   6.89845
   221.5  6.900625
   221.6    6.9028
   221.7  6.904975
   221.8   6.90715
   221.9  6.909325
     222    6.9115
   222.1  6.913675
   222.2   6.91585
   222.3  6.918025
   222.4    6.9202
   222.5  6.922375
   222.6   6.92455
   222.7  6.926725
   222.8    6.9289
   222.9  6.931075
     223   6.93325
   223.1  6.935425
   223.2    6.9376
   223.3  6.939775
   223.4   6.94195
   223.5  6.944125
   223.6    6.9463
   223.7  6.948475
   223.8   6.95065
   223.9  6.952825
     224     6.955
   224.1  6.957175
   224.2   6.95935
   224.3  6.961525
   224.4    6.9637
   224.5  6.965875
   224.6   6.96805
   224.7  6.970225
   224.8    6.9724
   224.9  6.974575
     225   6.97675
   225.1  6.978925
   225.2    6.9811
   225.3  6.983275
   225.4   6.98545
   225.5  6.987625
   225.6    6.9898
   225.7  6.991975
   225.8   6.99415
   225.9  6.996325
     226    6.9985
   226.1  7.000675
   226.2   7.00285
   226.3  7.005025
   226.4    7.0072
   226.5  7.009375
   226.6   7.01155
   226.7  7.013725
   226.8    7.0159
   226.9  7.018075
     227   7.02025
   227.1  7.022425
   227.2    7.0246
   227.3  7.026775
   227.4   7.02895
   227.5  7.031125
   227.6    7.0333
   227.7  7.035475
   227.8   7.03765
   227.9  7.039825
     228     7.042
   228.1  7.044175
   228.2   7.04635
   228.3  7.048525
   228.4    7.0507
   228.5  7.052875
   228.6   7.05505
   228.7  7.057225
   228.8    7.0594
   228.9  7.061575
     229   7.06375
   229.1  7.065925
   229.2    7.0681
   229.3  7.070275
   229.4   7.07245
   229.5  7.074625
   229.6    7.0768
   229.7  7.078975
   229.8   7.08115
   229.9  7.083325
     230    7.0855
   230.1  7.087675
   230.2   7.08985
   230.3  7.092025
   230.4    7.0942
   230.5  7.096375
   230.6   7.09855
   230.7  7.100725
   230.8    7.1029
   230.9  7.105075
     231   7.10725
   231.1  7.109425
   231.2    7.1116
   231.3  7.113775
   231.4   7.11595
   231.5  7.118125
   231.6    7.1203
   231.7  7.122475
   231.8   7.12465
   231.9  7.126825
     232     7.129
   232.1  7.131175
   232.2   7.13335
   232.3  7.135525
   232.4    7.1377
   232.5  7.139875
   232.6   7.14205
   232.7  7.144225
   232.8    7.1464
   232.9  7.148575
     233   7.15075
   233.1  7.152925
   233.2    7.1551
   233.3  7.157275
   233.4   7.15945
   233.5  7.161625
   233.6    7.1638
   233.7  7.165975
   233.8   7.16815
   233.9  7.170325
     234    7.1725
   234.1  7.174675
   234.2   7.17685
   234.3  7.179025
   234.4    7.1812
   234.5  7.183375
   234.6   7.18555
   234.7  7.187725
   234.8    7.1899
   234.9  7.192075
     235   7.19425
   235.1  7.196425
   235.2    7.1986
   235.3  7.200775
   235.4   7.20295
   235.5  7.205125
   235.6    7.2073
   235.7  7.209475
   235.8   7.21165
   235.9  7.213825
     236     7.216
   236.1  7.218175
   236.2   7.22035
   236.3  7.222525
   236.4    7.2247
   236.5  7.226875
   236.6   7.22905
   236.7  7.231225
   236.8    7.2334
   236.9  7.235575
     237   7.23775
   237.1  7.239925
   237.2    7.2421
   237.3  7.244275
   237.4   7.24645
   237.5  7.248625
   237.6    7.2508
   237.7  7.252975
   237.8   7.25515
   237.9  7.257325
     238    7.2595
   238.1  7.261675
   238.2   7.26385
   238.3  7.266025
   238.4    7.2682
   238.5  7.270375
   238.6   7.27255
   238.7  7.274725
   238.8    7.2769
   238.9  7.279075
     239   7.28125
   239.1  7.283425
   239.2    7.2856
   239.3  7.287775
   239.4   7.28995
   239.5  7.292125
   239.6    7.2943
   239.7  7.296475
   239.8   7.29865
   239.9  7.300825
     240     7.303
   240.1  7.305175
   240.2   7.30735
   240.3  7.309525
   240.4    7.3117
   240.5  7.313875
   240.6   7.31605
   240.7  7.318225
   240.8    7.3204
   240.9  7.322575
     241   7.32475
   241.1  7.326925
   241.2    7.3291
   241.3  7.331275
   241.4   7.33345
   241.5  7.335625
   241.6    7.3378
   241.7  7.339975
   241.8   7.34215
   241.9  7.344325
     242    7.3465
   242.1  7.348675
   242.2   7.35085
   242.3  7.353025
   242.4    7.3552
   242.5  7.357375
   242.6   7.35955
   242.7  7.361725
   242.8    7.3639
   242.9  7.366075
     243   7.36825
   243.1  7.370425
   243.2    7.3726
   243.3  7.374775
   243.4   7.37695
   243.5  7.379125
   243.6    7.3813
   243.7  7.383475
   243.8   7.38565
   243.9  7.387825
     244      7.39
   244.1  7.3921818
   244.2  7.3943636
   244.3  7.3965455
   244.4  7.3987273
   244.5  7.4009091
   244.6  7.4030909
   244.7  7.4052727
   244.8  7.4074545
   244.9  7.4096364
     245  7.4118182
   245.1     7.414
   245.2  7.4161818
   245.3  7.4183636
   245.4  7.4205455
   245.5  7.4227273
   245.6  7.4249091
   245.7  7.4270909
   245.8  7.4292727
   245.9  7.4314545
     246  7.4336364
   246.1  7.4358182
   246.2     7.438
   246.3  7.4401818
   246.4  7.4423636
   246.5  7.4445455
   246.6  7.4467273
   246.7  7.4489091
   246.8  7.4510909
   246.9  7.4532727
     247  7.4554545
   247.1  7.4576364
   247.2  7.4598182
   247.3     7.462
   247.4  7.4641818
   247.5  7.4663636
   247.6  7.4685455
   247.7  7.4707273
   247.8  7.4729091
   247.9  7.4750909
     248  7.4772727
   248.1  7.4794545
   248.2  7.4816364
   248.3  7.4838182
   248.4     7.486
   248.5  7.4881818
   248.6  7.4903636
   248.7  7.4925455
   248.8  7.4947273
   248.9  7.4969091
     249  7.4990909
   249.1  7.5012727
   249.2  7.5034545
   249.3  7.5056364
   249.4  7.5078182
   249.5      7.51
   249.6  7.5121818
   249.7  7.5143636
   249.8  7.5165455
   249.9  7.5187273
     250  7.5209091
   250.1  7.5230909
   250.2  7.5252727
   250.3  7.5274545
   250.4  7.5296364
   250.5  7.5318182
   250.6     7.534
   250.7  7.5361818
   250.8  7.5383636
   250.9  7.5405455
     251  7.5427273
   251.1  7.5449091
   251.2  7.5470909
   251.3  7.5492727
   251.4  7.5514545
   251.5  7.5536364
   251.6  7.5558182
   251.7     7.558
   251.8  7.5601818
   251.9  7.5623636
     252  7.5645455
   252.1  7.5667273
   252.2  7.5689091
   252.3  7.5710909
   252.4  7.5732727
   252.5  7.5754545
   252.6  7.5776364
   252.7  7.5798182
   252.8     7.582
   252.9  7.5841818
     253  7.5863636
   253.1  7.5885455
   253.2  7.5907273
   253.3  7.5929091
   253.4  7.5950909
   253.5  7.5972727
   253.6  7.5994545
   253.7  7.6016364
   253.8  7.6038182
   253.9     7.606
     254  7.6081818
   254.1  7.6103636
   254.2  7.6125455
   254.3  7.6147273
   254.4  7.6169091
   254.5  7.6190909
   254.6  7.6212727
   254.7  7.6234545
   254.8  7.6256364
   254.9  7.6278182
     255      7.63
   255.1  7.6321818
   255.2  7.6343636
   255.3  7.6365455
   255.4  7.6387273
   255.5  7.6409091
   255.6  7.6430909
   255.7  7.6452727
   255.8  7.6474545
   255.9  7.6496364
     256  7.6518182
   256.1     7.654
   256.2  7.6561818
   256.3  7.6583636
   256.4  7.6605455
   256.5  7.6627273
   256.6  7.6649091
   256.7  7.6670909
   256.8  7.6692727
   256.9  7.6714545
     257  7.6736364
   257.1  7.6758182
   257.2     7.678
   257.3  7.6801818
   257.4  7.6823636
   257.5  7.6845455
   257.6  7.6867273
   257.7  7.6889091
   257.8  7.6910909
   257.9  7.6932727
     258  7.6954545
   258.1  7.6976364
   258.2  7.6998182
   258.3     7.702
   258.4  7.7041818
   258.5  7.7063636
   258.6  7.7085455
   258.7  7.7107273
   258.8  7.7129091
   258.9  7.7150909
     259  7.7172727
   259.1  7.7194545
   259.2  7.7216364
   259.3  7.7238182
   259.4     7.726
   259.5  7.7281818
   259.6  7.7303636
   259.7  7.7325455
   259.8  7.7347273
   259.9  7.7369091
     260  7.7390909
   260.1  7.7412727
   260.2  7.7434545
   260.3  7.7456364
   260.4  7.7478182
   260.5      7.75
   260.6  7.7521818
   260.7  7.7543636
   260.8  7.7565455
   260.9  7.7587273
     261  7.7609091
   261.1  7.7630909
   261.2  7.7652727
   261.3  7.7674545
   261.4  7.7696364
   261.5  7.7718182
   261.6     7.774
   261.7  7.7761818
   261.8  7.7783636
   261.9  7.7805455
     262  7.7827273
   262.1  7.7849091
   262.2  7.7870909
   262.3  7.7892727
   262.4  7.7914545
   262.5  7.7936364
   262.6  7.7958182
   262.7     7.798
   262.8  7.8001818
   262.9  7.8023636
     263  7.8045455
   263.1  7.8067273
   263.2  7.8089091
   263.3  7.8110909
   263.4  7.8132727
   263.5  7.8154545
   263.6  7.8176364
   263.7  7.8198182
   263.8     7.822
   263.9  7.8241818
     264  7.8263636
   264.1  7.8285455
   264.2  7.8307273
   264.3  7.8329091
   264.4  7.8350909
   264.5  7.8372727
   264.6  7.8394545
   264.7  7.8416364
   264.8  7.8438182
   264.9     7.846
     265  7.8481818
   265.1  7.8503636
   265.2  7.8525455
   265.3  7.8547273
   265.4  7.8569091
   265.5  7.8590909
   265.6  7.8612727
   265.7  7.8634545
   265.8  7.8656364
   265.9  7.8678182
     266      7.87
   266.1  7.8721818
   266.2  7.8743636
   266.3  7.8765455
   266.4  7.8787273
   266.5  7.8809091
   266.6  7.8830909
   266.7  7.8852727
   266.8  7.8874545
   266.9  7.8896364
     267  7.8918182
   267.1     7.894
   267.2  7.8961818
   267.3  7.8983636
   267.4  7.9005455
   267.5  7.9027273
   267.6  7.9049091
   267.7  7.9070909
   267.8  7.9092727
   267.9  7.9114545
     268  7.9136364
   268.1  7.9158182
   268.2     7.918
   268.3  7.9201818
   268.4  7.9223636
   268.5  7.9245455
   268.6  7.9267273
   268.7  7.9289091
   268.8  7.9310909
   268.9  7.9332727
     269  7.9354545
   269.1  7.9376364
   269.2  7.9398182
   269.3     7.942
   269.4  7.9441818
   269.5  7.9463636
   269.6  7.9485455
   269.7  7.9507273
   269.8  7.9529091
   269.9  7.9550909
     270  7.9572727
   270.1  7.9594545
   270.2  7.9616364
   270.3  7.9638182
   270.4     7.966
   270.5  7.9681818
   270.6  7.9703636
   270.7  7.9725455
   270.8  7.9747273
   270.9  7.9769091
     271  7.9790909
   271.1  7.9812727
   271.2  7.9834545
   271.3  7.9856364
   271.4  7.9878182
   271.5      7.99
   271.6  7.9921818
   271.7  7.9943636
   271.8  7.9965455
   271.9  7.9987273
     272  8.0009091
   272.1  8.0030909
   272.2  8.0052727
   272.3  8.0074545
   272.4  8.0096364
   272.5  8.0118182
   272.6     8.014
   272.7  8.0161818
   272.8  8.0183636
   272.9  8.0205455
     273  8.0227273
   273.1  8.0249091
   273.2  8.0270909
   273.3  8.0292727
   273.4  8.0314545
   273.5  8.0336364
   273.6  8.0358182
   273.7     8.038
   273.8  8.0401818
   273.9  8.0423636
     274  8.0445455
   274.1  8.0467273
   274.2  8.0489091
   274.3  8.0510909
   274.4  8.0532727
   274.5  8.0554545
   274.6  8.0576364
   274.7  8.0598182
   274.8     8.062
   274.9  8.0641818
     275  8.0663636
   275.1  8.0685455
   275.2  8.0707273
   275.3  8.0729091
   275.4  8.0750909
   275.5  8.0772727
   275.6  8.0794545
   275.7  8.0816364
   275.8  8.0838182
   275.9     8.086
     276  8.0881818
   276.1  8.0903636
   276.2  8.0925455
   276.3  8.0947273
   276.4  8.0969091
   276.5  8.0990909
   276.6  8.1012727
   276.7  8.1034545
   276.8  8.1056364
   276.9  8.1078182
     277      8.11
   277.1  8.1121818
   277.2  8.1143636
   277.3  8.1165455
   277.4  8.1187273
   277.5  8.1209091
   277.6  8.1230909
   277.7  8.1252727
   277.8  8.1274545
   277.9  8.1296364
     278  8.1318182
   278.1     8.134
   278.2  8.1361818
   278.3  8.1383636
   278.4  8.1405455
   278.5  8.1427273
   278.6  8.1449091
   278.7  8.1470909
   278.8  8.1492727
   278.9  8.1514545
     279  8.1536364
   279.1  8.1558182
   279.2     8.158
   279.3  8.1601818
   279.4  8.1623636
   279.5  8.1645455
   279.6  8.1667273
   279.7  8.1689091
   279.8  8.1710909
   279.9  8.1732727
     280  8.1754545
   280.1  8.1776364
   280.2  8.1798182
   280.3     8.182
   280.4  8.1841818
   280.5  8.1863636
   280.6  8.1885455
   280.7  8.1907273
   280.8  8.1929091
   280.9  8.1950909
     281  8.1972727
   281.1  8.1994545
   281.2  8.2016364
   281.3  8.2038182
   281.4     8.206
   281.5  8.2081818
   281.6  8.2103636
   281.7  8.2125455
   281.8  8.2147273
   281.9  8.2169091
     282  8.2190909
   282.1  8.2212727
   282.2  8.2234545
   282.3  8.2256364
   282.4  8.2278182
   282.5      8.23
   282.6  8.2321818
   282.7  8.2343636
   282.8  8.2365455
   282.9  8.2387273
     283  8.2409091
   283.1  8.2430909
   283.2  8.2452727
   283.3  8.2474545
   283.4  8.2496364
   283.5  8.2518182
   283.6     8.254
   283.7  8.2561818
   283.8  8.2583636
   283.9  8.2605455
     284  8.2627273
   284.1  8.2649091
   284.2  8.2670909
   284.3  8.2692727
   284.4  8.2714545
   284.5  8.2736364
   284.6  8.2758182
   284.7     8.278
   284.8  8.2801818
   284.9  8.2823636
     285  8.2845455
   285.1  8.2867273
   285.2  8.2889091
   285.3  8.2910909
   285.4  8.2932727
   285.5  8.2954545
   285.6  8.2976364
   285.7  8.2998182
   285.8     8.302
   285.9  8.3041818
     286  8.3063636
   286.1  8.3085455
   286.2  8.3107273
   286.3  8.3129091
   286.4  8.3150909
   286.5  8.3172727
   286.6  8.3194545
   286.7  8.3216364
   286.8  8.3238182
   286.9     8.326
     287  8.3281818
   287.1  8.3303636
   287.2  8.3325455
   287.3  8.3347273
   287.4  8.3369091
   287.5  8.3390909
   287.6  8.3412727
   287.7  8.3434545
   287.8  8.3456364
   287.9  8.3478182
     288      8.35
   288.1  8.3521818
   288.2  8.3543636
   288.3  8.3565455
   288.4  8.3587273
   288.5  8.3609091
   288.6  8.3630909
   288.7  8.3652727
   288.8  8.3674545
   288.9  8.3696364
     289  8.3718182
   289.1     8.374
   289.2  8.3761818
   289.3  8.3783636
   289.4  8.3805455
   289.5  8.3827273
   289.6  8.3849091
   289.7  8.3870909
   289.8  8.3892727
   289.9  8.3914545
     290  8.3936364
   290.1  8.3958182
   290.2     8.398
   290.3  8.4001818
   290.4  8.4023636
   290.5  8.4045455
   290.6  8.4067273
   290.7  8.4089091
   290.8  8.4110909
   290.9  8.4132727
     291  8.4154545
   291.1  8.4176364
   291.2  8.4198182
   291.3     8.422
   291.4  8.4241818
   291.5  8.4263636
   291.6  8.4285455
   291.7  8.4307273
   291.8  8.4329091
   291.9  8.4350909
     292  8.4372727
   292.1  8.4394545
   292.2  8.4416364
   292.3  8.4438182
   292.4     8.446
   292.5  8.4481818
   292.6  8.4503636
   292.7  8.4525455
   292.8  8.4547273
   292.9  8.4569091
     293  8.4590909
   293.1  8.4612727
   293.2  8.4634545
   293.3  8.4656364
   293.4  8.4678182
   293.5      8.47
   293.6  8.4721818
   293.7  8.4743636
   293.8  8.4765455
   293.9  8.4787273
     294  8.4809091
   294.1  8.4830909
   294.2  8.4852727
   294.3  8.4874545
   294.4  8.4896364
   294.5  8.4918182
   294.6     8.494
   294.7  8.4961818
   294.8  8.4983636
   294.9  8.5005455
     295  8.5027273
   295.1  8.5049091
   295.2  8.5070909
   295.3  8.5092727
   295.4  8.5114545
   295.5  8.5136364
   295.6  8.5158182
   295.7     8.518
   295.8  8.5201818
   295.9  8.5223636
     296  8.5245455
   296.1  8.5267273
   296.2  8.5289091
   296.3  8.5310909
   296.4  8.5332727
   296.5  8.5354545
   296.6  8.5376364
   296.7  8.5398182
   296.8     8.542
   296.9  8.5441818
     297  8.5463636
   297.1  8.5485455
   297.2  8.5507273
   297.3  8.5529091
   297.4  8.5550909
   297.5  8.5572727
   297.6  8.5594545
   297.7  8.5616364
   297.8  8.5638182
   297.9     8.566
     298  8.5681818
   298.1  8.5703636
   298.2  8.5725455
   298.3  8.5747273
   298.4  8.5769091
   298.5  8.5790909
   298.6  8.5812727
   298.7  8.5834545
   298.8  8.5856364
   298.9  8.5878182
     299      8.59
   299.1  8.5921818
   299.2  8.5943636
   299.3  8.5965455
   299.4  8.5987273
   299.5  8.6009091
   299.6  8.6030909
   299.7  8.6052727
   299.8  8.6074545
   299.9  8.6096364
     300  8.6118182
