     4.2, 0.33722783
     4.3, 0.34618681
     4.4, 0.35519428
     4.5, 0.36425021
     4.6, 0.3733545
     4.7, 0.38250701
     4.8, 0.39170753
     4.9, 0.40095579
       5, 0.41025151
     5.1, 0.41959434
     5.2, 0.42898392
     5.3, 0.43841985
     5.4, 0.44790169
     5.5, 0.45742902
     5.6, 0.46700135
     5.7, 0.4766182
     5.8, 0.48627906
     5.9, 0.49598343
       6, 0.50573078
     6.1, 0.51552056
     6.2, 0.52535224
     6.3, 0.53522525
     6.4, 0.54513904
     6.5, 0.55509305
     6.6, 0.5650867
     6.7, 0.57511941
     6.8, 0.58519063
     6.9, 0.59529976
       7, 0.60544622
     7.1, 0.61562945
     7.2, 0.62584886
     7.3, 0.63610388
     7.4, 0.64639391
     7.5, 0.6567184
     7.6, 0.66707676
     7.7, 0.67746842
     7.8, 0.68789281
     7.9, 0.69834936
       8, 0.70883751
     8.1, 0.7193567
     8.2, 0.72990637
     8.3, 0.74048595
     8.4, 0.75109491
     8.5, 0.76173269
     8.6, 0.77239875
     8.7, 0.78309255
     8.8, 0.79381356
     8.9, 0.80456123
       9, 0.81533505
     9.1, 0.8261345
     9.2, 0.83695904
     9.3, 0.84780818
     9.4, 0.8586814
     9.5, 0.86957819
     9.6, 0.88049807
     9.7, 0.89144052
     9.8, 0.90240506
     9.9, 0.91339121
      10, 0.92439848
    10.1, 0.9354264
    10.2, 0.9464745
    10.3, 0.9575423
    10.4, 0.96862935
    10.5, 0.97973519
    10.6, 0.99085936
    10.7, 1.0020014
    10.8, 1.0131609
    10.9, 1.0243374
      11, 1.0355305
    11.1, 1.0467398
    11.2, 1.0579647
    11.3, 1.069205
    11.4, 1.0804601
    11.5, 1.0917297
    11.6, 1.1030134
    11.7, 1.1143107
    11.8, 1.1256213
    11.9, 1.1369448
      12, 1.1482808
    12.1, 1.1596288
    12.2, 1.1709886
    12.3, 1.1823598
    12.4, 1.1937419
    12.5, 1.2051346
    12.6, 1.2165376
    12.7, 1.2279505
    12.8, 1.2393729
    12.9, 1.2508045
      13, 1.2622449
    13.1, 1.2736938
    13.2, 1.2851509
    13.3, 1.2966159
    13.4, 1.3080883
    13.5, 1.3195679
    13.6, 1.3310543
    13.7, 1.3425473
    13.8, 1.3540465
    13.9, 1.3655516
      14, 1.3770623
    14.1, 1.3885783
    14.2, 1.4000993
    14.3, 1.411625
    14.4, 1.4231552
    14.5, 1.4346894
    14.6, 1.4462275
    14.7, 1.4577691
    14.8, 1.4693141
    14.9, 1.480862
      15, 1.4924126
    15.1, 1.5039658
    15.2, 1.5155211
    15.3, 1.5270784
    15.4, 1.5386373
    15.5, 1.5501977
    15.6, 1.5617593
    15.7, 1.5733218
    15.8, 1.584885
    15.9, 1.5964486
      16, 1.6080124
    16.1, 1.6195762
    16.2, 1.6311397
    16.3, 1.6427027
    16.4, 1.654265
    16.5, 1.6658264
    16.6, 1.6773866
    16.7, 1.6889454
    16.8, 1.7005026
    16.9, 1.712058
      17, 1.7236114
    17.1, 1.7351625
    17.2, 1.7467112
    17.3, 1.7582573
    17.4, 1.7698005
    17.5, 1.7813407
    17.6, 1.7928776
    17.7, 1.8044112
    17.8, 1.8159411
    17.9, 1.8274673
      18, 1.8389894
    18.1, 1.8505074
    18.2, 1.8620211
    18.3, 1.8735302
    18.4, 1.8850347
    18.5, 1.8965343
    18.6, 1.9080289
    18.7, 1.9195182
    18.8, 1.9310022
    18.9, 1.9424807
      19, 1.9539535
    19.1, 1.9654204
    19.2, 1.9768813
    19.3, 1.9883361
    19.4, 1.9997846
    19.5, 2.0112266
    19.6, 2.022662
    19.7, 2.0340906
    19.8, 2.0455124
    19.9, 2.0569271
      20, 2.0683346
    20.1, 2.0797348
    20.2, 2.0911276
    20.3, 2.1025128
    20.4, 2.1138902
    20.5, 2.1252598
    20.6, 2.1366214
    20.7, 2.147975
    20.8, 2.1593203
    20.9, 2.1706572
      21, 2.1819857
    21.1, 2.1933055
    21.2, 2.2046167
    21.3, 2.2159191
    21.4, 2.2272125
    21.5, 2.2384968
    21.6, 2.249772
    21.7, 2.2610379
    21.8, 2.2722944
    21.9, 2.2835414
      22, 2.2947789
    22.1, 2.3060066
    22.2, 2.3172246
    22.3, 2.3284327
    22.4, 2.3396307
    22.5, 2.3508187
    22.6, 2.3619965
    22.7, 2.373164
    22.8, 2.3843211
    22.9, 2.3954678
      23, 2.4066039
    23.1, 2.4177293
    23.2, 2.4288441
    23.3, 2.439948
    23.4, 2.451041
    23.5, 2.4621231
    23.6, 2.473194
    23.7, 2.4842539
    23.8, 2.4953025
    23.9, 2.5063398
      24, 2.5173657
    24.1, 2.5283802
    24.2, 2.5393832
    24.3, 2.5503745
    24.4, 2.5613542
    24.5, 2.5723222
    24.6, 2.5832783
    24.7, 2.5942225
    24.8, 2.6051549
    24.9, 2.6160752
      25, 2.6269834
    25.1, 2.6378795
    25.2, 2.6487634
    25.3, 2.659635
    25.4, 2.6704943
    25.5, 2.6813413
    25.6, 2.6921758
    25.7, 2.7029978
    25.8, 2.7138072
    25.9, 2.724604
      26, 2.7353882
    26.1, 2.7461597
    26.2, 2.7569184
    26.3, 2.7676643
    26.4, 2.7783973
    26.5, 2.7891174
    26.6, 2.7998245
    26.7, 2.8105186
    26.8, 2.8211997
    26.9, 2.8318677
      27, 2.8425225
    27.1, 2.8531641
    27.2, 2.8637925
    27.3, 2.8744076
    27.4, 2.8850094
    27.5, 2.8955979
    27.6, 2.9061729
    27.7, 2.9167345
    27.8, 2.9272827
    27.9, 2.9378173
      28, 2.9483384
    28.1, 2.9588459
    28.2, 2.9693398
    28.3,  2.97982
    28.4, 2.9902866
    28.5, 3.0007394
    28.6, 3.0111785
    28.7, 3.0216039
    28.8, 3.0320154
    28.9, 3.042413
      29, 3.0527969
    29.1, 3.0631668
    29.2, 3.0735228
    29.3, 3.0838648
    29.4, 3.0941929
    29.5, 3.104507
    29.6, 3.114807
    29.7, 3.125093
    29.8, 3.135365
    29.9, 3.1456228
      30, 3.1558665
    30.1, 3.1660961
    30.2, 3.1763116
    30.3, 3.1865128
    30.4, 3.1966999
    30.5, 3.2068727
    30.6, 3.2170314
    30.7, 3.2271757
    30.8, 3.2373058
    30.9, 3.2474216
      31, 3.2575231
    31.1, 3.2676103
    31.2, 3.2776831
    31.3, 3.2877416
    31.4, 3.2977858
    31.5, 3.3078156
    31.6, 3.3178309
    31.7, 3.3278319
    31.8, 3.3378185
    31.9, 3.3477906
      32, 3.3577483
    32.1, 3.3676916
    32.2, 3.3776204
    32.3, 3.3875348
    32.4, 3.3974346
    32.5,  3.40732
    32.6, 3.4171909
    32.7, 3.4270473
    32.8, 3.4368892
    32.9, 3.4467166
      33, 3.4565295
    33.1, 3.4663279
    33.2, 3.4761117
    33.3, 3.485881
    33.4, 3.4956357
    33.5, 3.5053759
    33.6, 3.5151016
    33.7, 3.5248127
    33.8, 3.5345093
    33.9, 3.5441913
      34, 3.5538587
    34.1, 3.5635116
    34.2, 3.5731499
    34.3, 3.5827737
    34.4, 3.5923829
    34.5, 3.6019776
    34.6, 3.6115576
    34.7, 3.6211232
    34.8, 3.6306741
    34.9, 3.6402105
      35, 3.6497324
    35.1, 3.6592397
    35.2, 3.6687324
    35.3, 3.6782106
    35.4, 3.6876742
    35.5, 3.6971233
    35.6, 3.7065578
    35.7, 3.7159778
    35.8, 3.7253833
    35.9, 3.7347743
      36, 3.7441507
    36.1, 3.7535126
    36.2, 3.7628599
    36.3, 3.7721928
    36.4, 3.7815112
    36.5, 3.7908151
    36.6, 3.8001044
    36.7, 3.8093793
    36.8, 3.8186397
    36.9, 3.8278857
      37, 3.8371172
    37.1, 3.8463342
    37.2, 3.8555368
    37.3, 3.8647249
    37.4, 3.8738986
    37.5, 3.8830579
    37.6, 3.8922028
    37.7, 3.9013333
    37.8, 3.9104494
    37.9, 3.9195511
      38, 3.9286384
    38.1, 3.9377113
    38.2, 3.9467699
    38.3, 3.9558142
    38.4, 3.9648441
    38.5, 3.9738597
    38.6, 3.982861
    38.7, 3.991848
    38.8, 4.0008208
    38.9, 4.0097792
      39, 4.0187234
    39.1, 4.0276533
    39.2, 4.036569
    39.3, 4.0454704
    39.4, 4.0543577
    39.5, 4.0632307
    39.6, 4.0720896
    39.7, 4.0809343
    39.8, 4.0897648
    39.9, 4.0985812
      40, 4.1073835
    40.1, 4.1161716
    40.2, 4.1249457
    40.3, 4.1337056
    40.4, 4.1424515
    40.5, 4.1511833
    40.6, 4.1599011
    40.7, 4.1686049
    40.8, 4.1772946
    40.9, 4.1859703
      41, 4.1946321
    41.1, 4.2032799
    41.2, 4.2119137
    41.3, 4.2205336
    41.4, 4.2291396
    41.5, 4.2377317
    41.6, 4.2463099
    41.7, 4.2548743
    41.8, 4.2634248
    41.9, 4.2719614
      42, 4.2804842
    42.1, 4.2889933
    42.2, 4.2974885
    42.3,  4.30597
    42.4, 4.3144377
    42.5, 4.3228917
    42.6, 4.331332
    42.7, 4.3397586
    42.8, 4.3481715
    42.9, 4.3565708
      43, 4.3649564
    43.1, 4.3733284
    43.2, 4.3816868
    43.3, 4.3900316
    43.4, 4.3983629
    43.5, 4.4066806
    43.6, 4.4149847
    43.7, 4.4232754
    43.8, 4.4315526
    43.9, 4.4398163
      44, 4.4480665
    44.1, 4.4563033
    44.2, 4.4645267
    44.3, 4.4727367
    44.4, 4.4809333
    44.5, 4.4891166
    44.6, 4.4972865
    44.7, 4.5054432
    44.8, 4.5135865
    44.9, 4.5217166
      45, 4.5298334
    45.1, 4.5379369
    45.2, 4.5460273
    45.3, 4.5541044
    45.4, 4.5621684
    45.5, 4.5702192
    45.6, 4.5782569
    45.7, 4.5862815
    45.8, 4.594293
    45.9, 4.6022914
      46, 4.6102768
    46.1, 4.6182492
    46.2, 4.6262085
    46.3, 4.6341549
    46.4, 4.6420883
    46.5, 4.6500087
    46.6, 4.6579162
    46.7, 4.6658108
    46.8, 4.6736926
    46.9, 4.6815615
      47, 4.6894175
    47.1, 4.6972607
    47.2, 4.7050912
    47.3, 4.7129088
    47.4, 4.7207138
    47.5, 4.7285059
    47.6, 4.7362854
    47.7, 4.7440522
    47.8, 4.7518063
    47.9, 4.7595478
      48, 4.7672767
    48.1, 4.7749929
    48.2, 4.7826966
    48.3, 4.7903878
    48.4, 4.7980664
    48.5, 4.8057325
    48.6, 4.8133861
    48.7, 4.8210272
    48.8, 4.8286559
    48.9, 4.8362722
      49, 4.843876
    49.1, 4.8514676
    49.2, 4.8590467
    49.3, 4.8666135
    49.4, 4.874168
    49.5, 4.8817102
    49.6, 4.8892402
    49.7, 4.8967579
    49.8, 4.9042634
    49.9, 4.9117567
      50, 4.9192378
    50.1, 4.9267068
    50.2, 4.9341637
    50.3, 4.9416084
    50.4, 4.9490411
    50.5, 4.9564617
    50.6, 4.9638702
    50.7, 4.9712668
    50.8, 4.9786513
    50.9, 4.9860239
      51, 4.9933845
    51.1, 5.0007332
    51.2,  5.00807
    51.3, 5.015395
    51.4, 5.0227081
    51.5, 5.0300093
    51.6, 5.0372987
    51.7, 5.0445764
    51.8, 5.0518423
    51.9, 5.0590964
      52, 5.0663388
    52.1, 5.0735696
    52.2, 5.0807886
    52.3, 5.087996
    52.4, 5.0951918
    52.5, 5.102376
    52.6, 5.1095486
    52.7, 5.1167096
    52.8, 5.1238592
    52.9, 5.1309972
      53, 5.1381237
    53.1, 5.1452387
    53.2, 5.1523423
    53.3, 5.1594345
    53.4, 5.1665153
    53.5, 5.1735847
    53.6, 5.1806428
    53.7, 5.1876895
    53.8, 5.1947249
    53.9, 5.2017491
      54, 5.208762
    54.1, 5.2157636
    54.2, 5.2227541
    54.3, 5.2297333
    54.4, 5.2367014
    54.5, 5.2436584
    54.6, 5.2506042
    54.7, 5.2575389
    54.8, 5.2644626
    54.9, 5.2713752
      55, 5.2782768
    55.1, 5.2851673
    55.2, 5.2920469
    55.3, 5.2989155
    55.4, 5.3057732
    55.5,  5.31262
    55.6, 5.3194559
    55.7, 5.3262809
    55.8, 5.3330951
    55.9, 5.3398984
      56, 5.346691
    56.1, 5.3534728
    56.2, 5.3602438
    56.3, 5.3670041
    56.4, 5.3737537
    56.5, 5.3804926
    56.6, 5.3872208
    56.7, 5.3939384
    56.8, 5.4006454
    56.9, 5.4073418
      57, 5.4140276
    57.1, 5.4207029
    57.2, 5.4273676
    57.3, 5.4340218
    57.4, 5.4406656
    57.5, 5.4472989
    57.6, 5.4539218
    57.7, 5.4605342
    57.8, 5.4671363
    57.9, 5.473728
      58, 5.4803093
    58.1, 5.4868804
    58.2, 5.4934411
    58.3, 5.4999916
    58.4, 5.5065318
    58.5, 5.5130617
    58.6, 5.5195815
    58.7, 5.5260911
    58.8, 5.5325905
    58.9, 5.5390797
      59, 5.5455589
    59.1, 5.5520279
    59.2, 5.5584869
    59.3, 5.5649358
    59.4, 5.5713747
    59.5, 5.5778036
    59.6, 5.5842225
    59.7, 5.5906314
    59.8, 5.5970304
    59.9, 5.6034195
      60, 5.6097986
    60.1, 5.6161679
    60.2, 5.6225274
    60.3, 5.628877
    60.4, 5.6352168
    60.5, 5.6415468
    60.6, 5.6478671
    60.7, 5.6541776
    60.8, 5.6604784
    60.9, 5.6667695
      61, 5.6730509
    61.1, 5.6793227
    61.2, 5.6855848
    61.3, 5.6918373
    61.4, 5.6980803
    61.5, 5.7043136
    61.6, 5.7105374
    61.7, 5.7167517
    61.8, 5.7229565
    61.9, 5.7291518
      62, 5.7353377
    62.1, 5.7415141
    62.2, 5.7476811
    62.3, 5.7538387
    62.4, 5.7599869
    62.5, 5.7661258
    62.6, 5.7722554
    62.7, 5.7783756
    62.8, 5.7844866
    62.9, 5.7905883
      63, 5.7966807
    63.1, 5.8027639
    63.2, 5.808838
    63.3, 5.8149028
    63.4, 5.8209585
    63.5, 5.827005
    63.6, 5.8330425
    63.7, 5.8390708
    63.8, 5.8450901
    63.9, 5.8511003
      64, 5.8571015
    64.1, 5.8630936
    64.2, 5.8690768
    64.3, 5.875051
    64.4, 5.8810163
    64.5, 5.8869726
    64.6, 5.8929201
    64.7, 5.8988586
    64.8, 5.9047883
    64.9, 5.9107091
      65, 5.9166212
    65.1, 5.9225244
    65.2, 5.9284188
    65.3, 5.9343045
    65.4, 5.9401814
    65.5, 5.9460496
    65.6, 5.9519092
    65.7,  5.95776
    65.8, 5.9636022
    65.9, 5.9694357
      66, 5.9752607
    66.1, 5.981077
    66.2, 5.9868848
    66.3, 5.992684
    66.4, 5.9984746
    66.5, 6.0042568
    66.6, 6.0100305
    66.7, 6.0157957
    66.8, 6.0215524
    66.9, 6.0273007
      67, 6.0330406
    67.1, 6.0387721
    67.2, 6.0444952
    67.3,  6.05021
    67.4, 6.0559164
    67.5, 6.0616145
    67.6, 6.0673044
    67.7, 6.0729859
    67.8, 6.0786592
    67.9, 6.0843243
      68, 6.0899812
    68.1, 6.0956298
    68.2, 6.1012703
    68.3, 6.1069026
    68.4, 6.1125268
    68.5, 6.1181429
    68.6, 6.1237509
    68.7, 6.1293508
    68.8, 6.1349427
    68.9, 6.1405265
      69, 6.1461023
    69.1, 6.1516701
    69.2, 6.1572299
    69.3, 6.1627818
    69.4, 6.1683257
    69.5, 6.1738617
    69.6, 6.1793898
    69.7, 6.1849101
    69.8, 6.1904224
    69.9, 6.1959269
      70, 6.2014236
    70.1, 6.2069125
    70.2, 6.2123936
    70.3, 6.2178669
    70.4, 6.2233325
    70.5, 6.2287904
    70.6, 6.2342405
    70.7, 6.239683
    70.8, 6.2451177
    70.9, 6.2505449
      71, 6.2559644
    71.1, 6.2613762
    71.2, 6.2667805
    71.3, 6.2721772
    71.4, 6.2775663
    71.5, 6.2829479
    71.6, 6.288322
    71.7, 6.2936886
    71.8, 6.2990477
    71.9, 6.3043993
      72, 6.3097434
    72.1, 6.3150802
    72.2, 6.3204095
    72.3, 6.3257314
    72.4, 6.331046
    72.5, 6.3363532
    72.6, 6.341653
    72.7, 6.3469455
    72.8, 6.3522308
    72.9, 6.3575087
      73, 6.3627794
    73.1, 6.3680428
    73.2, 6.373299
    73.3, 6.378548
    73.4, 6.3837898
    73.5, 6.3890244
    73.6, 6.3942519
    73.7, 6.3994722
    73.8, 6.4046854
    73.9, 6.4098915
      74, 6.4150905
    74.1, 6.4202824
    74.2, 6.4254673
    74.3, 6.4306451
    74.4, 6.4358159
    74.5, 6.4409798
    74.6, 6.4461366
    74.7, 6.4512865
    74.8, 6.4564294
    74.9, 6.4615654
      75, 6.4666945
    75.1, 6.4718167
    75.2, 6.476932
    75.3, 6.4820405
    75.4, 6.4871421
    75.5, 6.4922369
    75.6, 6.4973249
    75.7, 6.5024061
    75.8, 6.5074805
    75.9, 6.5125482
      76, 6.5176091
    76.1, 6.5226633
    76.2, 6.5277108
    76.3, 6.5327516
    76.4, 6.5377857
    76.5, 6.5428132
    76.6, 6.547834
    76.7, 6.5528482
    76.8, 6.5578558
    76.9, 6.5628569
      77, 6.5678513
    77.1, 6.5728392
    77.2, 6.5778206
    77.3, 6.5827954
    77.4, 6.5877638
    77.5, 6.5927256
    77.6, 6.597681
    77.7, 6.6026299
    77.8, 6.6075724
    77.9, 6.6125085
      78, 6.6174381
    78.1, 6.6223614
    78.2, 6.6272783
    78.3, 6.6321888
    78.4, 6.637093
    78.5, 6.6419909
    78.6, 6.6468824
    78.7, 6.6517677
    78.8, 6.6566467
    78.9, 6.6615194
      79, 6.6663859
    79.1, 6.6712462
    79.2, 6.6761002
    79.3, 6.6809481
    79.4, 6.6857898
    79.5, 6.6906253
    79.6, 6.6954547
    79.7, 6.7002779
    79.8, 6.705095
    79.9, 6.709906
      80, 6.7147109
    80.1, 6.7195098
    80.2, 6.7243026
    80.3, 6.7290894
    80.4, 6.7338701
    80.5, 6.7386449
    80.6, 6.7434136
    80.7, 6.7481764
    80.8, 6.7529332
    80.9, 6.7576841
      81, 6.762429
    81.1, 6.767168
    81.2, 6.7719011
    81.3, 6.7766284
    81.4, 6.7813498
    81.5, 6.7860653
    81.6, 6.790775
    81.7, 6.7954788
    81.8, 6.8001769
    81.9, 6.8048691
      82, 6.8095556
    82.1, 6.8142363
    82.2, 6.8189113
    82.3, 6.8235805
    82.4, 6.828244
    82.5, 6.8329019
    82.6, 6.837554
    82.7, 6.8422004
    82.8, 6.8468412
    82.9, 6.8514764
      83, 6.8561059
    83.1, 6.8607298
    83.2, 6.8653481
    83.3, 6.8699609
    83.4, 6.874568
    83.5, 6.8791696
    83.6, 6.8837657
    83.7, 6.8883562
    83.8, 6.8929412
    83.9, 6.8975208
      84, 6.9020948
    84.1, 6.9066634
    84.2, 6.9112265
    84.3, 6.9157842
    84.4, 6.9203364
    84.5, 6.9248833
    84.6, 6.9294247
    84.7, 6.9339608
    84.8, 6.9384915
    84.9, 6.9430168
      85, 6.9475368
    85.1, 6.9520515
    85.2, 6.9565609
    85.3, 6.9610649
    85.4, 6.9655637
    85.5, 6.9700572
    85.6, 6.9745455
    85.7, 6.9790285
    85.8, 6.9835063
    85.9, 6.9879788
      86, 6.9924462
    86.1, 6.9969084
    86.2, 7.0013654
    86.3, 7.0058172
    86.4, 7.0102639
    86.5, 7.0147055
    86.6, 7.019142
    86.7, 7.0235733
    86.8, 7.0279996
    86.9, 7.0324207
      87, 7.0368369
    87.1, 7.0412479
    87.2, 7.045654
    87.3, 7.050055
    87.4, 7.0544509
    87.5, 7.0588419
    87.6, 7.063228
    87.7, 7.067609
    87.8, 7.0719851
    87.9, 7.0763562
      88, 7.0807224
    88.1, 7.0850837
    88.2, 7.0894401
    88.3, 7.0937916
    88.4, 7.0981382
    88.5,  7.10248
    88.6, 7.1068169
    88.7, 7.111149
    88.8, 7.1154762
    88.9, 7.1197986
      89, 7.1241162
    89.1, 7.1284291
    89.2, 7.1327371
    89.3, 7.1370404
    89.4, 7.141339
    89.5, 7.1456328
    89.6, 7.1499219
    89.7, 7.1542063
    89.8, 7.158486
    89.9, 7.162761
      90, 7.1670313
    90.1, 7.171297
    90.2, 7.175558
    90.3, 7.1798144
    90.4, 7.1840662
    90.5, 7.1883134
    90.6, 7.1925559
    90.7, 7.1967939
    90.8, 7.2010273
    90.9, 7.2052562
      91, 7.2094805
    91.1, 7.2137002
    91.2, 7.2179155
    91.3, 7.2221262
    91.4, 7.2263324
    91.5, 7.2305342
    91.6, 7.2347315
    91.7, 7.2389243
    91.8, 7.2431126
    91.9, 7.2472966
      92, 7.2514761
    92.1, 7.2556512
    92.2, 7.2598219
    92.3, 7.2639882
    92.4, 7.2681501
    92.5, 7.2723077
    92.6, 7.2764609
    92.7, 7.2806097
    92.8, 7.2847543
    92.9, 7.2888945
      93, 7.2930304
    93.1, 7.2971621
    93.2, 7.3012894
    93.3, 7.3054125
    93.4, 7.3095313
    93.5, 7.3136459
    93.6, 7.3177562
    93.7, 7.3218623
    93.8, 7.3259642
    93.9, 7.3300619
      94, 7.3341554
    94.1, 7.3382448
    94.2, 7.3423299
    94.3, 7.3464109
    94.4, 7.3504878
    94.5, 7.3545606
    94.6, 7.3586292
    94.7, 7.3626937
    94.8, 7.3667541
    94.9, 7.3708105
      95, 7.3748627
    95.1, 7.3789109
    95.2, 7.3829551
    95.3, 7.3869952
    95.4, 7.3910312
    95.5, 7.3950633
    95.6, 7.3990914
    95.7, 7.4031154
    95.8, 7.4071355
    95.9, 7.4111516
      96, 7.4151637
    96.1, 7.4191719
    96.2, 7.4231762
    96.3, 7.4271765
    96.4, 7.4311729
    96.5, 7.4351654
    96.6, 7.439154
    96.7, 7.4431387
    96.8, 7.4471195
    96.9, 7.4510965
      97, 7.4550696
    97.1, 7.4590389
    97.2, 7.4630044
    97.3, 7.466966
    97.4, 7.4709238
    97.5, 7.4748778
    97.6, 7.4788281
    97.7, 7.4827745
    97.8, 7.4867172
    97.9, 7.4906561
      98, 7.4945913
    98.1, 7.4985228
    98.2, 7.5024505
    98.3, 7.5063745
    98.4, 7.5102948
    98.5, 7.5142114
    98.6, 7.5181244
    98.7, 7.5220336
    98.8, 7.5259392
    98.9, 7.5298412
      99, 7.5337395
    99.1, 7.5376341
    99.2, 7.5415252
    99.3, 7.5454126
    99.4, 7.5492965
    99.5, 7.5531767
    99.6, 7.5570534
    99.7, 7.5609265
    99.8, 7.5647961
    99.9, 7.568662
     100, 7.5725245
   100.1, 7.5763834
   100.2, 7.5802388
   100.3, 7.5840907
   100.4, 7.5879391
   100.5, 7.5917841
   100.6, 7.5956255
   100.7, 7.5994635
   100.8, 7.603298
   100.9, 7.607129
     101, 7.6109566
   101.1, 7.6147808
   101.2, 7.6186016
   101.3, 7.622419
   101.4, 7.6262329
   101.5, 7.6300435
   101.6, 7.6338507
   101.7, 7.6376545
   101.8, 7.641455
   101.9, 7.6452521
     102, 7.6490458
   102.1, 7.6528363
   102.2, 7.6566234
   102.3, 7.6604072
   102.4, 7.6641877
   102.5, 7.6679649
   102.6, 7.6717388
   102.7, 7.6755095
   102.8, 7.6792768
   102.9, 7.683041
     103, 7.6868018
   103.1, 7.6905595
   103.2, 7.6943139
   103.3, 7.6980651
   103.4, 7.7018131
   103.5, 7.7055579
   103.6, 7.7092995
   103.7, 7.7130379
   103.8, 7.7167732
   103.9, 7.7205053
     104, 7.7242342
   104.1,  7.72796
   104.2, 7.7316827
   104.3, 7.7354022
   104.4, 7.7391186
   104.5, 7.742832
   104.6, 7.7465422
   104.7, 7.7502493
   104.8, 7.7539534
   104.9, 7.7576543
     105, 7.7613523
   105.1, 7.7650471
   105.2, 7.768739
   105.3, 7.7724278
   105.4, 7.7761135
   105.5, 7.7797963
   105.6, 7.783476
   105.7, 7.7871528
   105.8, 7.7908265
   105.9, 7.7944973
     106, 7.7981651
   106.1,  7.80183
   106.2, 7.8054918
   106.3, 7.8091508
   106.4, 7.8128068
   106.5, 7.8164599
   106.6,  7.82011
   106.7, 7.8237573
   106.8, 7.8274016
   106.9, 7.8310431
     107, 7.8346817
   107.1, 7.8383174
   107.2, 7.8419502
   107.3, 7.8455802
   107.4, 7.8492073
   107.5, 7.8528316
   107.6, 7.856453
   107.7, 7.8600717
   107.8, 7.8636875
   107.9, 7.8673005
     108, 7.8709107
   108.1, 7.8745181
   108.2, 7.8781227
   108.3, 7.8817246
   108.4, 7.8853237
   108.5,  7.88892
   108.6, 7.8925136
   108.7, 7.8961045
   108.8, 7.8996926
   108.9, 7.903278
     109, 7.9068606
   109.1, 7.9104406
   109.2, 7.9140179
   109.3, 7.9175925
   109.4, 7.9211644
   109.5, 7.9247336
   109.6, 7.9283002
   109.7, 7.9318641
   109.8, 7.9354253
   109.9, 7.9389839
     110, 7.9425399
   110.1, 7.9460933
   110.2, 7.949644
   110.3, 7.9531921
   110.4, 7.9567377
   110.5, 7.9602806
   110.6, 7.9638209
   110.7, 7.9673587
   110.8, 7.9708939
   110.9, 7.9744266
     111, 7.9779566
   111.1, 7.9814842
   111.2, 7.9850092
   111.3, 7.9885317
   111.4, 7.9920516
   111.5, 7.9955691
   111.6, 7.999084
   111.7, 8.0025964
   111.8, 8.0061064
   111.9, 8.0096138
     112, 8.0131188
   112.1, 8.0166213
   112.2, 8.0201214
   112.3, 8.023619
   112.4, 8.0271142
   112.5, 8.0306069
   112.6, 8.0340972
   112.7, 8.0375851
   112.8, 8.0410705
   112.9, 8.0445536
     113, 8.0480342
   113.1, 8.0515125
   113.2, 8.0549884
   113.3, 8.0584619
   113.4, 8.061933
   113.5, 8.0654018
   113.6, 8.0688682
   113.7, 8.0723323
   113.8, 8.075794
   113.9, 8.0792534
     114, 8.0827105
   114.1, 8.0861653
   114.2, 8.0896177
   114.3, 8.0930679
   114.4, 8.0965157
   114.5, 8.0999613
   114.6, 8.1034046
   114.7, 8.1068456
   114.8, 8.1102844
   114.9, 8.1137209
     115, 8.1171551
   115.1, 8.1205871
   115.2, 8.1240169
   115.3, 8.1274444
   115.4, 8.1308698
   115.5, 8.1342929
   115.6, 8.1377138
   115.7, 8.1411325
   115.8, 8.144549
   115.9, 8.1479633
     116, 8.1513754
   116.1, 8.1547854
   116.2, 8.1581932
   116.3, 8.1615988
   116.4, 8.1650023
   116.5, 8.1684036
   116.6, 8.1718029
   116.7, 8.1751999
   116.8, 8.1785949
   116.9, 8.1819877
     117, 8.1853785
   117.1, 8.1887671
   117.2, 8.1921536
   117.3, 8.1955381
   117.4, 8.1989204
   117.5, 8.2023007
   117.6, 8.2056789
   117.7, 8.2090551
   117.8, 8.2124292
   117.9, 8.2158013
     118, 8.2191713
   118.1, 8.2225393
   118.2, 8.2259052
   118.3, 8.2292692
   118.4, 8.2326311
   118.5, 8.235991
   118.6, 8.2393489
   118.7, 8.2427049
   118.8, 8.2460588
   118.9, 8.2494108
     119, 8.2527607
   119.1, 8.2561088
   119.2, 8.2594548
   119.3, 8.2627989
   119.4, 8.2661411
   119.5, 8.2694813
   119.6, 8.2728196
   119.7, 8.2761559
   119.8, 8.2794904
   119.9, 8.2828229
     120, 8.2861535
   120.1, 8.2894822
   120.2, 8.292809
   120.3, 8.296134
   120.4, 8.299457
   120.5, 8.3027782
   120.6, 8.3060975
   120.7, 8.3094149
   120.8, 8.3127305
   120.9, 8.3160442
     121, 8.3193561
   121.1, 8.3226662
   121.2, 8.3259744
   121.3, 8.3292808
   121.4, 8.3325854
   121.5, 8.3358881
   121.6, 8.3391891
   121.7, 8.3424883
   121.8, 8.3457856
   121.9, 8.3490812
     122, 8.352375
   122.1, 8.355667
   122.2, 8.3589573
   122.3, 8.3622458
   122.4, 8.3655325
   122.5, 8.3688175
   122.6, 8.3721008
   122.7, 8.3753823
   122.8, 8.378662
   122.9, 8.3819401
     123, 8.3852164
   123.1, 8.388491
   123.2, 8.391764
   123.3, 8.3950352
   123.4, 8.3983047
   123.5, 8.4015725
   123.6, 8.4048387
   123.7, 8.4081031
   123.8, 8.4113659
   123.9, 8.414627
     124, 8.4178865
   124.1, 8.4211443
   124.2, 8.4244005
   124.3, 8.427655
   124.4, 8.4309079
   124.5, 8.4341592
   124.6, 8.4374088
   124.7, 8.4406569
   124.8, 8.4439033
   124.9, 8.4471481
     125, 8.4503913
   125.1, 8.4536329
   125.2, 8.4568729
   125.3, 8.4601114
   125.4, 8.4633482
   125.5, 8.4665835
   125.6, 8.4698173
   125.7, 8.4730494
   125.8,  8.47628
   125.9, 8.4795091
     126, 8.4827366
   126.1, 8.4859626
   126.2, 8.4891871
   126.3,  8.49241
   126.4, 8.4956314
   126.5, 8.4988513
   126.6, 8.5020697
   126.7, 8.5052866
   126.8, 8.508502
   126.9, 8.5117159
     127, 8.5149283
   127.1, 8.5181392
   127.2, 8.5213487
   127.3, 8.5245567
   127.4, 8.5277632
   127.5, 8.5309683
   127.6, 8.5341719
   127.7, 8.5373741
   127.8, 8.5405748
   127.9, 8.5437741
     128, 8.5469719
   128.1, 8.5501684
   128.2, 8.5533634
   128.3, 8.556557
   128.4, 8.5597492
   128.5,  8.56294
   128.6, 8.5661293
   128.7, 8.5693173
   128.8, 8.572504
   128.9, 8.5756892
     129, 8.578873
   129.1, 8.5820555
   129.2, 8.5852366
   129.3, 8.5884164
   129.4, 8.5915948
   129.5, 8.5947718
   129.6, 8.5979475
   129.7, 8.6011219
   129.8, 8.6042949
   129.9, 8.6074666
     130, 8.610637
   130.1, 8.6138061
   130.2, 8.6169738
   130.3, 8.6201403
   130.4, 8.6233054
   130.5, 8.6264693
   130.6, 8.6296318
   130.7, 8.6327931
   130.8, 8.635953
   130.9, 8.6391117
     131, 8.6422692
   131.1, 8.6454253
   131.2, 8.6485803
   131.3, 8.6517339
   131.4, 8.6548863
   131.5, 8.6580375
   131.6, 8.6611874
   131.7, 8.664336
   131.8, 8.6674835
   131.9, 8.6706297
     132, 8.6737747
   132.1, 8.6769185
   132.2, 8.6800611
   132.3, 8.6832024
   132.4, 8.6863426
   132.5, 8.6894816
   132.6, 8.6926193
   132.7, 8.6957559
   132.8, 8.6988913
   132.9, 8.7020256
     133, 8.7051587
   133.1, 8.7082906
   133.2, 8.7114213
   133.3, 8.7145509
   133.4, 8.7176793
   133.5, 8.7208066
   133.6, 8.7239327
   133.7, 8.7270578
   133.8, 8.7301816
   133.9, 8.7333044
     134, 8.736426
   134.1, 8.7395465
   134.2, 8.7426659
   134.3, 8.7457842
   134.4, 8.7489014
   134.5, 8.7520175
   134.6, 8.7551325
   134.7, 8.7582464
   134.8, 8.7613592
   134.9, 8.764471
     135, 8.7675817
   135.1, 8.7706913
   135.2, 8.7737998
   135.3, 8.7769073
   135.4, 8.7800137
   135.5, 8.7831191
   135.6, 8.7862234
   135.7, 8.7893267
   135.8, 8.7924289
   135.9, 8.7955302
     136, 8.7986303
   136.1, 8.8017295
   136.2, 8.8048277
   136.3, 8.8079248
   136.4, 8.8110209
   136.5, 8.8141161
   136.6, 8.8172102
   136.7, 8.8203033
   136.8, 8.8233954
   136.9, 8.8264866
     137, 8.8295768
   137.1, 8.832666
   137.2, 8.8357542
   137.3, 8.8388414
   137.4, 8.8419277
   137.5, 8.8450131
   137.6, 8.8480974
   137.7, 8.8511809
   137.8, 8.8542633
   137.9, 8.8573449
     138, 8.8604255
   138.1, 8.8635052
   138.2, 8.8665839
   138.3, 8.8696617
   138.4, 8.8727386
   138.5, 8.8758146
   138.6, 8.8788897
   138.7, 8.8819639
   138.8, 8.8850372
   138.9, 8.8881095
     139, 8.891181
   139.1, 8.8942516
   139.2, 8.8973213
   139.3, 8.9003902
   139.4, 8.9034581
   139.5, 8.9065252
   139.6, 8.9095914
   139.7, 8.9126568
   139.8, 8.9157213
   139.9, 8.918785
     140, 8.9218478
   140.1, 8.9249097
   140.2, 8.9279708
   140.3, 8.9310311
   140.4, 8.9340906
   140.5, 8.9371492
   140.6, 8.940207
   140.7, 8.943264
   140.8, 8.9463201
   140.9, 8.9493755
     141,  8.95243
   141.1, 8.9554838
   141.2, 8.9585367
   141.3, 8.9615888
   141.4, 8.9646402
   141.5, 8.9676908
   141.6, 8.9707406
   141.7, 8.9737896
   141.8, 8.9768378
   141.9, 8.9798853
     142, 8.982932
   142.1, 8.985978
   142.2, 8.9890231
   142.3, 8.9920676
   142.4, 8.9951113
   142.5, 8.9981542
   142.6, 9.0011964
   142.7, 9.0042379
   142.8, 9.0072786
   142.9, 9.0103186
     143, 9.0133579
   143.1, 9.0163965
   143.2, 9.0194343
   143.3, 9.0224714
   143.4, 9.0255079
   143.5, 9.0285436
   143.6, 9.0315786
   143.7, 9.0346129
   143.8, 9.0376465
   143.9, 9.0406795
     144, 9.0437117
   144.1, 9.0467433
   144.2, 9.0497742
   144.3, 9.0528045
   144.4, 9.055834
   144.5, 9.0588629
   144.6, 9.0618911
   144.7, 9.0649187
   144.8, 9.0679456
   144.9, 9.0709719
     145, 9.0739975
   145.1, 9.0770225
   145.2, 9.0800469
   145.3, 9.0830706
   145.4, 9.0860937
   145.5, 9.0891161
   145.6, 9.092138
   145.7, 9.0951592
   145.8, 9.0981798
   145.9, 9.1011998
     146, 9.1042192
   146.1, 9.107238
   146.2, 9.1102562
   146.3, 9.1132737
   146.4, 9.1162907
   146.5, 9.1193072
   146.6, 9.122323
   146.7, 9.1253382
   146.8, 9.1283529
   146.9, 9.131367
     147, 9.1343805
   147.1, 9.1373935
   147.2, 9.1404059
   147.3, 9.1434177
   147.4, 9.146429
   147.5, 9.1494398
   147.6, 9.1524499
   147.7, 9.1554596
   147.8, 9.1584687
   147.9, 9.1614773
     148, 9.1644853
   148.1, 9.1674928
   148.2, 9.1704998
   148.3, 9.1735063
   148.4, 9.1765122
   148.5, 9.1795177
   148.6, 9.1825226
   148.7, 9.185527
   148.8, 9.1885309
   148.9, 9.1915343
     149, 9.1945372
   149.1, 9.1975397
   149.2, 9.2005416
   149.3, 9.2035431
   149.4, 9.206544
   149.5, 9.2095445
   149.6, 9.2125445
   149.7, 9.2155441
   149.8, 9.2185432
   149.9, 9.2215418
     150, 9.2245399
   150.1, 9.2275376
   150.2, 9.2305349
   150.3, 9.2335317
   150.4, 9.236528
   150.5, 9.2395239
   150.6, 9.2425194
   150.7, 9.2455144
   150.8, 9.248509
   150.9, 9.2515032
     151, 9.2544969
   151.1, 9.2574903
   151.2, 9.2604832
   151.3, 9.2634756
   151.4, 9.2664677
   151.5, 9.2694594
   151.6, 9.2724507
   151.7, 9.2754415
   151.8, 9.278432
   151.9, 9.2814221
     152, 9.2844117
   152.1, 9.287401
   152.2, 9.2903899
   152.3, 9.2933785
   152.4, 9.2963666
   152.5, 9.2993544
   152.6, 9.3023418
   152.7, 9.3053288
   152.8, 9.3083155
   152.9, 9.3113018
     153, 9.3142878
   153.1, 9.3172734
   153.2, 9.3202586
   153.3, 9.3232435
   153.4, 9.3262281
   153.5, 9.3292123
   153.6, 9.3321962
   153.7, 9.3351797
   153.8, 9.3381629
   153.9, 9.3411458
     154, 9.3441284
   154.1, 9.3471106
   154.2, 9.3500925
   154.3, 9.3530741
   154.4, 9.3560554
   154.5, 9.3590364
   154.6, 9.3620171
   154.7, 9.3649975
   154.8, 9.3679776
   154.9, 9.3709574
     155, 9.3739369
   155.1, 9.3769161
   155.2, 9.379895
   155.3, 9.3828736
   155.4, 9.385852
   155.5, 9.3888301
   155.6, 9.3918079
   155.7, 9.3947854
   155.8, 9.3977627
   155.9, 9.4007397
     156, 9.4037165
   156.1, 9.406693
   156.2, 9.4096692
   156.3, 9.4126452
   156.4, 9.4156209
   156.5, 9.4185964
   156.6, 9.4215717
   156.7, 9.4245467
   156.8, 9.4275215
   156.9, 9.430496
     157, 9.4334704
   157.1, 9.4364445
   157.2, 9.4394183
   157.3, 9.442392
   157.4, 9.4453654
   157.5, 9.4483386
   157.6, 9.4513117
   157.7, 9.4542845
   157.8, 9.4572571
   157.9, 9.4602295
     158, 9.4632017
   158.1, 9.4661737
   158.2, 9.4691455
   158.3, 9.4721171
   158.4, 9.4750886
   158.5, 9.4780598
   158.6, 9.4810309
   158.7, 9.4840018
   158.8, 9.4869725
   158.9, 9.4899431
     159, 9.4929135
   159.1, 9.4958837
   159.2, 9.4988538
   159.3, 9.5018237
   159.4, 9.5047934
   159.5, 9.507763
   159.6, 9.5107325
   159.7, 9.5137018
   159.8, 9.5166709
   159.9, 9.5196399
     160, 9.5226088
   160.1, 9.5255775
   160.2, 9.5285461
   160.3, 9.5315146
   160.4, 9.534483
   160.5, 9.5374512
   160.6, 9.5404193
   160.7, 9.5433873
   160.8, 9.5463551
   160.9, 9.5493229
     161, 9.5522905
   161.1, 9.5552581
   161.2, 9.5582255
   161.3, 9.5611929
   161.4, 9.5641601
   161.5, 9.5671273
   161.6, 9.5700943
   161.7, 9.5730613
   161.8, 9.5760282
   161.9, 9.578995
     162, 9.5819617
   162.1, 9.5849283
   162.2, 9.5878949
   162.3, 9.5908614
   162.4, 9.5938278
   162.5, 9.5967941
   162.6, 9.5997604
   162.7, 9.6027267
   162.8, 9.6056928
   162.9, 9.608659
     163, 9.611625
   163.1, 9.614591
   163.2, 9.617557
   163.3, 9.6205229
   163.4, 9.6234888
   163.5, 9.6264547
   163.6, 9.6294205
   163.7, 9.6323862
   163.8, 9.635352
   163.9, 9.6383177
     164, 9.6412834
   164.1, 9.6442491
   164.2, 9.6472147
   164.3, 9.6501804
   164.4, 9.653146
   164.5, 9.6561116
   164.6, 9.6590772
   164.7, 9.6620428
   164.8, 9.6650084
   164.9, 9.667974
     165, 9.6709396
   165.1, 9.6739052
   165.2, 9.6768708
   165.3, 9.6798364
   165.4, 9.682802
   165.5, 9.6857677
   165.6, 9.6887334
   165.7, 9.691699
   165.8, 9.6946647
   165.9, 9.6976305
     166, 9.7005963
   166.1, 9.7035621
   166.2, 9.7065279
   166.3, 9.7094938
   166.4, 9.7124597
   166.5, 9.7154256
   166.6, 9.7183916
   166.7, 9.7213577
   166.8, 9.7243238
   166.9, 9.7272899
     167, 9.7302561
   167.1, 9.7332224
   167.2, 9.7361887
   167.3, 9.7391551
   167.4, 9.7421215
   167.5, 9.745088
   167.6, 9.7480546
   167.7, 9.7510213
   167.8, 9.753988
   167.9, 9.7569549
     168, 9.7599218
   168.1, 9.7628887
   168.2, 9.7658558
   168.3, 9.768823
   168.4, 9.7717902
   168.5, 9.7747576
   168.6, 9.777725
   168.7, 9.7806926
   168.8, 9.7836602
   168.9, 9.7866279
     169, 9.7895958
   169.1, 9.7925638
   169.2, 9.7955318
   169.3,   9.7985
   169.4, 9.8014683
   169.5, 9.8044367
   169.6, 9.8074053
   169.7, 9.810374
   169.8, 9.8133428
   169.9, 9.8163117
     170, 9.8192807
   170.1, 9.8222499
   170.2, 9.8252193
   170.3, 9.8281887
   170.4, 9.8311583
   170.5, 9.8341281
   170.6, 9.837098
   170.7, 9.840068
   170.8, 9.8430382
   170.9, 9.8460086
     171, 9.8489791
   171.1, 9.8519498
   171.2, 9.8549206
   171.3, 9.8578916
   171.4, 9.8608628
   171.5, 9.8638341
   171.6, 9.8668056
   171.7, 9.8697773
   171.8, 9.8727491
   171.9, 9.8757211
     172, 9.8786933
   172.1, 9.8816657
   172.2, 9.8846383
   172.3, 9.8876111
   172.4, 9.890584
   172.5, 9.8935572
   172.6, 9.8965305
   172.7, 9.899504
   172.8, 9.9024778
   172.9, 9.9054517
     173, 9.9084259
   173.1, 9.9114002
   173.2, 9.9143748
   173.3, 9.9173495
   173.4, 9.9203245
   173.5, 9.9232997
   173.6, 9.9262751
   173.7, 9.9292508
   173.8, 9.9322266
   173.9, 9.9352027
     174, 9.9381791
   174.1, 9.9411556
   174.2, 9.9441324
   174.3, 9.9471094
   174.4, 9.9500866
   174.5, 9.9530641
   174.6, 9.9560419
   174.7, 9.9590198
   174.8, 9.9619981
   174.9, 9.9649765
     175, 9.9679553
   175.1, 9.9709342
   175.2, 9.9739135
   175.3, 9.9768929
   175.4, 9.9798727
   175.5, 9.9828527
   175.6, 9.985833
   175.7, 9.9888135
   175.8, 9.9917943
   175.9, 9.9947754
     176, 9.9977568
   176.1, 10.000738
   176.2, 10.00372
   176.3, 10.006702
   176.4, 10.009685
   176.5, 10.012668
   176.6, 10.015651
   176.7, 10.018634
   176.8, 10.021618
   176.9, 10.024602
     177, 10.027586
   177.1, 10.03057
   177.2, 10.033555
   177.3, 10.03654
   177.4, 10.039526
   177.5, 10.042511
   177.6, 10.045498
   177.7, 10.048484
   177.8, 10.051471
   177.9, 10.054457
     178, 10.057445
   178.1, 10.060432
   178.2, 10.06342
   178.3, 10.066409
   178.4, 10.069397
   178.5, 10.072386
   178.6, 10.075375
   178.7, 10.078365
   178.8, 10.081355
   178.9, 10.084345
     179, 10.087336
   179.1, 10.090327
   179.2, 10.093318
   179.3, 10.09631
   179.4, 10.099302
   179.5, 10.102294
   179.6, 10.105287
   179.7, 10.10828
   179.8, 10.111273
   179.9, 10.114267
     180, 10.117261
   180.1, 10.120255
   180.2, 10.12325
   180.3, 10.126245
   180.4, 10.129241
   180.5, 10.132237
   180.6, 10.135233
   180.7, 10.13823
   180.8, 10.141227
   180.9, 10.144224
     181, 10.147222
   181.1, 10.150221
   181.2, 10.153219
   181.3, 10.156218
   181.4, 10.159218
   181.5, 10.162217
   181.6, 10.165218
   181.7, 10.168218
   181.8, 10.171219
   181.9, 10.17422
     182, 10.177222
   182.1, 10.180224
   182.2, 10.183227
   182.3, 10.18623
   182.4, 10.189233
   182.5, 10.192237
   182.6, 10.195241
   182.7, 10.198246
   182.8, 10.201251
   182.9, 10.204257
     183, 10.207263
   183.1, 10.210269
   183.2, 10.213276
   183.3, 10.216283
   183.4, 10.219291
   183.5, 10.222299
   183.6, 10.225307
   183.7, 10.228316
   183.8, 10.231325
   183.9, 10.234335
     184, 10.237346
   184.1, 10.240356
   184.2, 10.243367
   184.3, 10.246379
   184.4, 10.249391
   184.5, 10.252404
   184.6, 10.255417
   184.7, 10.25843
   184.8, 10.261444
   184.9, 10.264458
     185, 10.267473
   185.1, 10.270488
   185.2, 10.273504
   185.3, 10.27652
   185.4, 10.279537
   185.5, 10.282554
   185.6, 10.285572
   185.7, 10.28859
   185.8, 10.291609
   185.9, 10.294628
     186, 10.297647
   186.1, 10.300667
   186.2, 10.303688
   186.3, 10.306709
   186.4, 10.30973
   186.5, 10.312752
   186.6, 10.315775
   186.7, 10.318798
   186.8, 10.321821
   186.9, 10.324845
     187, 10.32787
   187.1, 10.330895
   187.2, 10.33392
   187.3, 10.336946
   187.4, 10.339973
   187.5,   10.343
   187.6, 10.346027
   187.7, 10.349055
   187.8, 10.352084
   187.9, 10.355113
     188, 10.358143
   188.1, 10.361173
   188.2, 10.364204
   188.3, 10.367235
   188.4, 10.370266
   188.5, 10.373299
   188.6, 10.376332
   188.7, 10.379365
   188.8, 10.382399
   188.9, 10.385433
     189, 10.388468
   189.1, 10.391504
   189.2, 10.39454
   189.3, 10.397576
   189.4, 10.400613
   189.5, 10.403651
   189.6, 10.406689
   189.7, 10.409728
   189.8, 10.412767
   189.9, 10.415807
     190, 10.418848
   190.1, 10.421889
   190.2, 10.42493
   190.3, 10.427972
   190.4, 10.431015
   190.5, 10.434058
   190.6, 10.437102
   190.7, 10.440147
   190.8, 10.443192
   190.9, 10.446237
     191, 10.449283
   191.1, 10.45233
   191.2, 10.455377
   191.3, 10.458425
   191.4, 10.461474
   191.5, 10.464523
   191.6, 10.467572
   191.7, 10.470623
   191.8, 10.473674
   191.9, 10.476725
     192, 10.479777
   192.1, 10.48283
   192.2, 10.485883
   192.3, 10.488937
   192.4, 10.491991
   192.5, 10.495046
   192.6, 10.498102
   192.7, 10.501158
   192.8, 10.504215
   192.9, 10.507272
     193, 10.51033
   193.1, 10.513389
   193.2, 10.516448
   193.3, 10.519508
   193.4, 10.522569
   193.5, 10.52563
   193.6, 10.528692
   193.7, 10.531754
   193.8, 10.534817
   193.9, 10.537881
     194, 10.540945
   194.1, 10.54401
   194.2, 10.547076
   194.3, 10.550142
   194.4, 10.553209
   194.5, 10.556276
   194.6, 10.559344
   194.7, 10.562413
   194.8, 10.565482
   194.9, 10.568552
     195, 10.571623
   195.1, 10.574695
   195.2, 10.577767
   195.3, 10.580839
   195.4, 10.583913
   195.5, 10.586986
   195.6, 10.590061
   195.7, 10.593136
   195.8, 10.596212
   195.9, 10.599289
     196, 10.602366
   196.1, 10.605444
   196.2, 10.608523
   196.3, 10.611602
   196.4, 10.614682
   196.5, 10.617763
   196.6, 10.620844
   196.7, 10.623926
   196.8, 10.627009
   196.9, 10.630092
     197, 10.633176
   197.1, 10.636261
   197.2, 10.639346
   197.3, 10.642432
   197.4, 10.645519
   197.5, 10.648607
   197.6, 10.651695
   197.7, 10.654784
   197.8, 10.657873
   197.9, 10.660963
     198, 10.664054
   198.1, 10.667146
   198.2, 10.670238
   198.3, 10.673331
   198.4, 10.676425
   198.5, 10.67952
   198.6, 10.682615
   198.7, 10.685711
   198.8, 10.688807
   198.9, 10.691905
     199, 10.695003
   199.1, 10.698101
   199.2, 10.701201
   199.3, 10.704301
   199.4, 10.707402
   199.5, 10.710504
   199.6, 10.713606
   199.7, 10.716709
   199.8, 10.719813
   199.9, 10.722917
     200, 10.726023
   200.1, 10.729129
   200.2, 10.732235
   200.3, 10.735343
   200.4, 10.738451
   200.5, 10.74156
   200.6, 10.74467
   200.7, 10.74778
   200.8, 10.750891
   200.9, 10.754003
     201, 10.757116
   201.1, 10.76023
   201.2, 10.763344
   201.3, 10.766459
   201.4, 10.769574
   201.5, 10.772691
   201.6, 10.775808
   201.7, 10.778926
   201.8, 10.782045
   201.9, 10.785164
     202, 10.788285
   202.1, 10.791406
   202.2, 10.794527
   202.3, 10.79765
   202.4, 10.800773
   202.5, 10.803897
   202.6, 10.807022
   202.7, 10.810148
   202.8, 10.813274
   202.9, 10.816402
     203, 10.81953
   203.1, 10.822658
   203.2, 10.825788
   203.3, 10.828918
   203.4, 10.832049
   203.5, 10.835181
   203.6, 10.838314
   203.7, 10.841448
   203.8, 10.844582
   203.9, 10.847717
     204, 10.850853
   204.1, 10.853989
   204.2, 10.857127
   204.3, 10.860265
   204.4, 10.863404
   204.5, 10.866544
   204.6, 10.869685
   204.7, 10.872826
   204.8, 10.875969
   204.9, 10.879112
     205, 10.882256
   205.1, 10.885401
   205.2, 10.888546
   205.3, 10.891692
   205.4, 10.89484
   205.5, 10.897988
   205.6, 10.901136
   205.7, 10.904286
   205.8, 10.907437
   205.9, 10.910588
     206, 10.91374
   206.1, 10.916893
   206.2, 10.920047
   206.3, 10.923201
   206.4, 10.926357
   206.5, 10.929513
   206.6, 10.93267
   206.7, 10.935828
   206.8, 10.938987
   206.9, 10.942147
     207, 10.945307
   207.1, 10.948468
   207.2, 10.951631
   207.3, 10.954794
   207.4, 10.957957
   207.5, 10.961122
   207.6, 10.964288
   207.7, 10.967454
   207.8, 10.970621
   207.9, 10.97379
     208, 10.976958
   208.1, 10.980128
   208.2, 10.983299
   208.3, 10.986471
   208.4, 10.989643
   208.5, 10.992816
   208.6, 10.99599
   208.7, 10.999165
   208.8, 11.002341
   208.9, 11.005518
     209, 11.008696
   209.1, 11.011874
   209.2, 11.015054
   209.3, 11.018234
   209.4, 11.021415
   209.5, 11.024597
   209.6, 11.02778
   209.7, 11.030964
   209.8, 11.034148
   209.9, 11.037334
     210, 11.04052
   210.1, 11.043708
   210.2, 11.046896
   210.3, 11.050085
   210.4, 11.053275
   210.5, 11.056466
   210.6, 11.059657
   210.7, 11.06285
   210.8, 11.066044
   210.9, 11.069238
     211, 11.072434
   211.1, 11.07563
   211.2, 11.078827
   211.3, 11.082025
   211.4, 11.085224
   211.5, 11.088424
   211.6, 11.091625
   211.7, 11.094826
   211.8, 11.098029
   211.9, 11.101233
     212, 11.104437
   212.1, 11.107642
   212.2, 11.110849
   212.3, 11.114056
   212.4, 11.117264
   212.5, 11.120473
   212.6, 11.123683
   212.7, 11.126894
   212.8, 11.130106
   212.9, 11.133319
     213, 11.136532
   213.1, 11.139747
   213.2, 11.142962
   213.3, 11.146179
   213.4, 11.149396
   213.5, 11.152615
   213.6, 11.155834
   213.7, 11.159054
   213.8, 11.162275
   213.9, 11.165498
     214, 11.168721
   214.1, 11.171945
   214.2, 11.17517
   214.3, 11.178395
   214.4, 11.181622
   214.5, 11.18485
   214.6, 11.188079
   214.7, 11.191309
   214.8, 11.194539
   214.9, 11.197771
     215, 11.201003
   215.1, 11.204237
   215.2, 11.207471
   215.3, 11.210707
   215.4, 11.213943
   215.5, 11.217181
   215.6, 11.220419
   215.7, 11.223658
   215.8, 11.226899
   215.9, 11.23014
     216, 11.233382
   216.1, 11.236625
   216.2, 11.239869
   216.3, 11.243115
   216.4, 11.246361
   216.5, 11.249608
   216.6, 11.252856
   216.7, 11.256105
   216.8, 11.259355
   216.9, 11.262606
     217, 11.265858
   217.1, 11.269111
   217.2, 11.272365
   217.3, 11.27562
   217.4, 11.278876
   217.5, 11.282133
   217.6, 11.285391
   217.7, 11.28865
   217.8, 11.29191
   217.9, 11.295171
     218, 11.298433
   218.1, 11.301696
   218.2, 11.304959
   218.3, 11.308224
   218.4, 11.31149
   218.5, 11.314757
   218.6, 11.318025
   218.7, 11.321294
   218.8, 11.324564
   218.9, 11.327835
     219, 11.331107
   219.1, 11.33438
   219.2, 11.337654
   219.3, 11.340929
   219.4, 11.344205
   219.5, 11.347482
   219.6, 11.350761
   219.7, 11.35404
   219.8, 11.35732
   219.9, 11.360601
     220, 11.363883
   220.1, 11.367166
   220.2, 11.370451
   220.3, 11.373736
   220.4, 11.377022
   220.5, 11.38031
   220.6, 11.383598
   220.7, 11.386887
   220.8, 11.390178
   220.9, 11.393469
     221, 11.396762
   221.1, 11.400055
   221.2, 11.40335
   221.3, 11.406646
   221.4, 11.409942
   221.5, 11.41324
   221.6, 11.416539
   221.7, 11.419839
   221.8, 11.42314
   221.9, 11.426442
     222, 11.429745
   222.1, 11.433049
   222.2, 11.436354
   222.3, 11.43966
   222.4, 11.442967
   222.5, 11.446275
   222.6, 11.449585
   222.7, 11.452895
   222.8, 11.456206
   222.9, 11.459519
     223, 11.462833
   223.1, 11.466147
   223.2, 11.469463
   223.3, 11.47278
   223.4, 11.476098
   223.5, 11.479416
   223.6, 11.482736
   223.7, 11.486058
   223.8, 11.48938
   223.9, 11.492703
     224, 11.496027
   224.1, 11.499353
   224.2, 11.502679
   224.3, 11.506007
   224.4, 11.509335
   224.5, 11.512665
   224.6, 11.515996
   224.7, 11.519328
   224.8, 11.522661
   224.9, 11.525995
     225, 11.52933
   225.1, 11.532666
   225.2, 11.536003
   225.3, 11.539342
   225.4, 11.542681
   225.5, 11.546022
   225.6, 11.549364
   225.7, 11.552706
   225.8, 11.55605
   225.9, 11.559395
     226, 11.562742
   226.1, 11.566089
   226.2, 11.569437
   226.3, 11.572787
   226.4, 11.576137
   226.5, 11.579489
   226.6, 11.582842
   226.7, 11.586195
   226.8, 11.58955
   226.9, 11.592907
     227, 11.596264
   227.1, 11.599622
   227.2, 11.602982
   227.3, 11.606342
   227.4, 11.609704
   227.5, 11.613067
   227.6, 11.616431
   227.7, 11.619796
   227.8, 11.623162
   227.9, 11.626529
     228, 11.629898
   228.1, 11.633267
   228.2, 11.636638
   228.3, 11.64001
   228.4, 11.643383
   228.5, 11.646757
   228.6, 11.650132
   228.7, 11.653509
   228.8, 11.656886
   228.9, 11.660265
     229, 11.663645
   229.1, 11.667026
   229.2, 11.670408
   229.3, 11.673791
   229.4, 11.677176
   229.5, 11.680561
   229.6, 11.683948
   229.7, 11.687336
   229.8, 11.690725
   229.9, 11.694115
     230, 11.697506
   230.1, 11.700899
   230.2, 11.704292
   230.3, 11.707687
   230.4, 11.711083
   230.5, 11.71448
   230.6, 11.717878
   230.7, 11.721278
   230.8, 11.724678
   230.9, 11.72808
     231, 11.731483
   231.1, 11.734887
   231.2, 11.738292
   231.3, 11.741699
   231.4, 11.745106
   231.5, 11.748515
   231.6, 11.751925
   231.7, 11.755336
   231.8, 11.758748
   231.9, 11.762162
     232, 11.765576
   232.1, 11.768992
   232.2, 11.772409
   232.3, 11.775827
   232.4, 11.779247
   232.5, 11.782667
   232.6, 11.786089
   232.7, 11.789512
   232.8, 11.792936
   232.9, 11.796361
     233, 11.799788
   233.1, 11.803215
   233.2, 11.806644
   233.3, 11.810074
   233.4, 11.813506
   233.5, 11.816938
   233.6, 11.820372
   233.7, 11.823807
   233.8, 11.827243
   233.9, 11.83068
     234, 11.834118
   234.1, 11.837558
   234.2, 11.840999
   234.3, 11.844441
   234.4, 11.847884
   234.5, 11.851329
   234.6, 11.854774
   234.7, 11.858221
   234.8, 11.861669
   234.9, 11.865119
     235, 11.868569
   235.1, 11.872021
   235.2, 11.875474
   235.3, 11.878928
   235.4, 11.882384
   235.5, 11.88584
   235.6, 11.889298
   235.7, 11.892757
   235.8, 11.896218
   235.9, 11.899679
     236, 11.903142
   236.1, 11.906606
   236.2, 11.910071
   236.3, 11.913537
   236.4, 11.917005
   236.5, 11.920474
   236.6, 11.923944
   236.7, 11.927415
   236.8, 11.930888
   236.9, 11.934362
     237, 11.937837
   237.1, 11.941313
   237.2, 11.944791
   237.3, 11.94827
   237.4, 11.95175
   237.5, 11.955231
   237.6, 11.958714
   237.7, 11.962197
   237.8, 11.965682
   237.9, 11.969169
     238, 11.972656
   238.1, 11.976145
   238.2, 11.979635
   238.3, 11.983126
   238.4, 11.986619
   238.5, 11.990113
   238.6, 11.993608
   238.7, 11.997104
   238.8, 12.000601
   238.9,  12.0041
     239,  12.0076
   239.1, 12.011102
   239.2, 12.014604
   239.3, 12.018108
   239.4, 12.021613
   239.5, 12.02512
   239.6, 12.028627
   239.7, 12.032136
   239.8, 12.035647
   239.9, 12.039158
     240, 12.042671
   240.1, 12.046185
   240.2,  12.0497
   240.3, 12.053217
   240.4, 12.056735
   240.5, 12.060254
   240.6, 12.063774
   240.7, 12.067296
   240.8, 12.070819
   240.9, 12.074343
     241, 12.077869
   241.1, 12.081396
   241.2, 12.084924
   241.3, 12.088453
   241.4, 12.091984
   241.5, 12.095516
   241.6, 12.099049
   241.7, 12.102584
   241.8, 12.10612
   241.9, 12.109657
     242, 12.113195
   242.1, 12.116735
   242.2, 12.120276
   242.3, 12.123819
   242.4, 12.127362
   242.5, 12.130907
   242.6, 12.134454
   242.7, 12.138001
   242.8, 12.14155
   242.9,  12.1451
     243, 12.148652
   243.1, 12.152204
   243.2, 12.155759
   243.3, 12.159314
   243.4, 12.162871
   243.5, 12.166429
   243.6, 12.169988
   243.7, 12.173549
   243.8, 12.177111
   243.9, 12.180674
     244, 12.184239
   244.1, 12.187805
   244.2, 12.191372
   244.3, 12.194941
   244.4, 12.198511
   244.5, 12.202082
   244.6, 12.205654
   244.7, 12.209228
   244.8, 12.212804
   244.9, 12.21638
     245, 12.219958
   245.1, 12.223537
   245.2, 12.227118
   245.3,  12.2307
   245.4, 12.234283
   245.5, 12.237868
   245.6, 12.241453
   245.7, 12.245041
   245.8, 12.248629
   245.9, 12.252219
     246, 12.25581
   246.1, 12.259403
   246.2, 12.262997
   246.3, 12.266592
   246.4, 12.270189
   246.5, 12.273787
   246.6, 12.277386
   246.7, 12.280987
   246.8, 12.284589
   246.9, 12.288192
     247, 12.291797
   247.1, 12.295403
   247.2, 12.299011
   247.3, 12.302619
   247.4, 12.30623
   247.5, 12.309841
   247.6, 12.313454
   247.7, 12.317068
   247.8, 12.320684
   247.9, 12.324301
     248, 12.327919
   248.1, 12.331539
   248.2, 12.33516
   248.3, 12.338782
   248.4, 12.342406
   248.5, 12.346031
   248.6, 12.349658
   248.7, 12.353286
   248.8, 12.356915
   248.9, 12.360546
     249, 12.364178
   249.1, 12.367811
   249.2, 12.371446
   249.3, 12.375082
   249.4, 12.37872
   249.5, 12.382359
   249.6, 12.385999
   249.7, 12.389641
   249.8, 12.393284
   249.9, 12.396928
     250, 12.400574
   250.1, 12.404221
   250.2, 12.40787
   250.3, 12.41152
   250.4, 12.415171
   250.5, 12.418824
   250.6, 12.422478
   250.7, 12.426134
   250.8, 12.429791
   250.9, 12.433449
     251, 12.437109
   251.1, 12.44077
   251.2, 12.444433
   251.3, 12.448097
   251.4, 12.451762
   251.5, 12.455429
   251.6, 12.459097
   251.7, 12.462767
   251.8, 12.466438
   251.9, 12.47011
     252, 12.473784
   252.1, 12.477459
   252.2, 12.481136
   252.3, 12.484814
   252.4, 12.488493
   252.5, 12.492174
   252.6, 12.495857
   252.7, 12.49954
   252.8, 12.503225
   252.9, 12.506912
     253,  12.5106
   253.1, 12.514289
   253.2, 12.51798
   253.3, 12.521672
   253.4, 12.525366
   253.5, 12.529061
   253.6, 12.532758
   253.7, 12.536455
   253.8, 12.540155
   253.9, 12.543856
     254, 12.547558
   254.1, 12.551261
   254.2, 12.554967
   254.3, 12.558673
   254.4, 12.562381
   254.5, 12.56609
   254.6, 12.569801
   254.7, 12.573514
   254.8, 12.577227
   254.9, 12.580942
     255, 12.584659
   255.1, 12.588377
   255.2, 12.592096
   255.3, 12.595817
   255.4, 12.59954
   255.5, 12.603264
   255.6, 12.606989
   255.7, 12.610715
   255.8, 12.614444
   255.9, 12.618173
     256, 12.621904
   256.1, 12.625637
   256.2, 12.629371
   256.3, 12.633106
   256.4, 12.636843
   256.5, 12.640581
   256.6, 12.644321
   256.7, 12.648062
   256.8, 12.651805
   256.9, 12.655549
     257, 12.659295
   257.1, 12.663042
   257.2, 12.666791
   257.3, 12.670541
   257.4, 12.674292
   257.5, 12.678045
   257.6,  12.6818
   257.7, 12.685556
   257.8, 12.689313
   257.9, 12.693072
     258, 12.696832
   258.1, 12.700594
   258.2, 12.704357
   258.3, 12.708122
   258.4, 12.711888
   258.5, 12.715656
   258.6, 12.719425
   258.7, 12.723196
   258.8, 12.726968
   258.9, 12.730742
     259, 12.734517
   259.1, 12.738293
   259.2, 12.742072
   259.3, 12.745851
   259.4, 12.749632
   259.5, 12.753415
   259.6, 12.757199
   259.7, 12.760984
   259.8, 12.764771
   259.9, 12.76856
     260, 12.77235
   260.1, 12.776142
   260.2, 12.779935
   260.3, 12.783729
   260.4, 12.787525
   260.5, 12.791323
   260.6, 12.795122
   260.7, 12.798922
   260.8, 12.802724
   260.9, 12.806528
     261, 12.810333
   261.1, 12.814139
   261.2, 12.817948
   261.3, 12.821757
   261.4, 12.825568
   261.5, 12.829381
   261.6, 12.833195
   261.7, 12.837011
   261.8, 12.840828
   261.9, 12.844646
     262, 12.848467
   262.1, 12.852288
   262.2, 12.856111
   262.3, 12.859936
   262.4, 12.863762
   262.5, 12.86759
   262.6, 12.87142
   262.7, 12.87525
   262.8, 12.879083
   262.9, 12.882917
     263, 12.886752
   263.1, 12.890589
   263.2, 12.894427
   263.3, 12.898267
   263.4, 12.902109
   263.5, 12.905952
   263.6, 12.909797
   263.7, 12.913643
   263.8, 12.91749
   263.9, 12.921339
     264, 12.92519
   264.1, 12.929043
   264.2, 12.932896
   264.3, 12.936752
   264.4, 12.940609
   264.5, 12.944467
   264.6, 12.948327
   264.7, 12.952189
   264.8, 12.956052
   264.9, 12.959916
     265, 12.963782
   265.1, 12.96765
   265.2, 12.971519
   265.3, 12.97539
   265.4, 12.979263
   265.5, 12.983137
   265.6, 12.987012
   265.7, 12.990889
   265.8, 12.994768
   265.9, 12.998648
     266, 13.00253
   266.1, 13.006413
   266.2, 13.010298
   266.3, 13.014184
   266.4, 13.018072
   266.5, 13.021962
   266.6, 13.025853
   266.7, 13.029745
   266.8, 13.03364
   266.9, 13.037536
     267, 13.041433
   267.1, 13.045332
   267.2, 13.049232
   267.3, 13.053134
   267.4, 13.057038
   267.5, 13.060943
   267.6, 13.06485
   267.7, 13.068759
   267.8, 13.072669
   267.9, 13.07658
     268, 13.080493
   268.1, 13.084408
   268.2, 13.088324
   268.3, 13.092242
   268.4, 13.096162
   268.5, 13.100083
   268.6, 13.104005
   268.7, 13.10793
   268.8, 13.111855
   268.9, 13.115783
     269, 13.119712
   269.1, 13.123642
   269.2, 13.127575
   269.3, 13.131508
   269.4, 13.135444
   269.5, 13.139381
   269.6, 13.143319
   269.7, 13.147259
   269.8, 13.151201
   269.9, 13.155145
     270, 13.15909
   270.1, 13.163036
   270.2, 13.166984
   270.3, 13.170934
   270.4, 13.174885
   270.5, 13.178838
   270.6, 13.182793
   270.7, 13.186749
   270.8, 13.190707
   270.9, 13.194666
     271, 13.198628
   271.1, 13.20259
   271.2, 13.206554
   271.3, 13.21052
   271.4, 13.214488
   271.5, 13.218457
   271.6, 13.222428
   271.7,  13.2264
   271.8, 13.230374
   271.9, 13.23435
     272, 13.238327
   272.1, 13.242306
   272.2, 13.246286
   272.3, 13.250268
   272.4, 13.254252
   272.5, 13.258237
   272.6, 13.262224
   272.7, 13.266213
   272.8, 13.270203
   272.9, 13.274195
     273, 13.278189
   273.1, 13.282184
   273.2, 13.286181
   273.3, 13.290179
   273.4, 13.294179
   273.5, 13.298181
   273.6, 13.302184
   273.7, 13.306189
   273.8, 13.310196
   273.9, 13.314204
     274, 13.318214
   274.1, 13.322225
   274.2, 13.326238
   274.3, 13.330253
   274.4, 13.33427
   274.5, 13.338288
   274.6, 13.342308
   274.7, 13.346329
   274.8, 13.350352
   274.9, 13.354377
     275, 13.358403
   275.1, 13.362431
   275.2, 13.366461
   275.3, 13.370492
   275.4, 13.374525
   275.5, 13.37856
   275.6, 13.382596
   275.7, 13.386634
   275.8, 13.390674
   275.9, 13.394715
     276, 13.398758
   276.1, 13.402803
   276.2, 13.406849
   276.3, 13.410897
   276.4, 13.414947
   276.5, 13.418998
   276.6, 13.423051
   276.7, 13.427106
   276.8, 13.431162
   276.9, 13.43522
     277, 13.43928
   277.1, 13.443341
   277.2, 13.447404
   277.3, 13.451469
   277.4, 13.455536
   277.5, 13.459604
   277.6, 13.463673
   277.7, 13.467745
   277.8, 13.471818
   277.9, 13.475893
     278, 13.479969
   278.1, 13.484048
   278.2, 13.488127
   278.3, 13.492209
   278.4, 13.496292
   278.5, 13.500377
   278.6, 13.504464
   278.7, 13.508552
   278.8, 13.512642
   278.9, 13.516734
     279, 13.520827
   279.1, 13.524922
   279.2, 13.529019
   279.3, 13.533118
   279.4, 13.537218
   279.5, 13.54132
   279.6, 13.545423
   279.7, 13.549529
   279.8, 13.553636
   279.9, 13.557744
     280, 13.561855
   280.1, 13.565967
   280.2, 13.570081
   280.3, 13.574196
   280.4, 13.578314
   280.5, 13.582433
   280.6, 13.586553
   280.7, 13.590676
   280.8,  13.5948
   280.9, 13.598926
     281, 13.603053
   281.1, 13.607182
   281.2, 13.611313
   281.3, 13.615446
   281.4, 13.619581
   281.5, 13.623717
   281.6, 13.627855
   281.7, 13.631994
   281.8, 13.636135
   281.9, 13.640278
     282, 13.644423
   282.1, 13.64857
   282.2, 13.652718
   282.3, 13.656868
   282.4, 13.66102
   282.5, 13.665173
   282.6, 13.669328
   282.7, 13.673485
   282.8, 13.677644
   282.9, 13.681804
     283, 13.685966
   283.1, 13.69013
   283.2, 13.694296
   283.3, 13.698463
   283.4, 13.702632
   283.5, 13.706803
   283.6, 13.710975
   283.7, 13.71515
   283.8, 13.719326
   283.9, 13.723503
     284, 13.727683
   284.1, 13.731864
   284.2, 13.736047
   284.3, 13.740232
   284.4, 13.744419
   284.5, 13.748607
   284.6, 13.752797
   284.7, 13.756989
   284.8, 13.761182
   284.9, 13.765378
     285, 13.769575
   285.1, 13.773773
   285.2, 13.777974
   285.3, 13.782176
   285.4, 13.78638
   285.5, 13.790586
   285.6, 13.794794
   285.7, 13.799003
   285.8, 13.803215
   285.9, 13.807427
     286, 13.811642
   286.1, 13.815859
   286.2, 13.820077
   286.3, 13.824297
   286.4, 13.828519
   286.5, 13.832742
   286.6, 13.836968
   286.7, 13.841195
   286.8, 13.845424
   286.9, 13.849654
     287, 13.853887
   287.1, 13.858121
   287.2, 13.862357
   287.3, 13.866595
   287.4, 13.870834
   287.5, 13.875076
   287.6, 13.879319
   287.7, 13.883564
   287.8, 13.88781
   287.9, 13.892059
     288, 13.896309
   288.1, 13.900561
   288.2, 13.904815
   288.3, 13.909071
   288.4, 13.913328
   288.5, 13.917588
   288.6, 13.921849
   288.7, 13.926112
   288.8, 13.930376
   288.9, 13.934643
     289, 13.938911
   289.1, 13.943181
   289.2, 13.947453
   289.3, 13.951726
   289.4, 13.956002
   289.5, 13.960279
   289.6, 13.964558
   289.7, 13.968839
   289.8, 13.973122
   289.9, 13.977406
     290, 13.981693
   290.1, 13.985981
   290.2, 13.990271
   290.3, 13.994562
   290.4, 13.998856
   290.5, 14.003151
   290.6, 14.007449
   290.7, 14.011748
   290.8, 14.016048
   290.9, 14.020351
     291, 14.024656
   291.1, 14.028962
   291.2, 14.03327
   291.3, 14.03758
   291.4, 14.041892
   291.5, 14.046205
   291.6, 14.050521
   291.7, 14.054838
   291.8, 14.059157
   291.9, 14.063478
     292, 14.067801
   292.1, 14.072125
   292.2, 14.076452
   292.3, 14.08078
   292.4, 14.08511
   292.5, 14.089442
   292.6, 14.093776
   292.7, 14.098111
   292.8, 14.102449
   292.9, 14.106788
     293, 14.111129
   293.1, 14.115472
   293.2, 14.119817
   293.3, 14.124163
   293.4, 14.128512
   293.5, 14.132862
   293.6, 14.137214
   293.7, 14.141568
   293.8, 14.145924
   293.9, 14.150282
     294, 14.154641
   294.1, 14.159003
   294.2, 14.163366
   294.3, 14.167731
   294.4, 14.172098
   294.5, 14.176467
   294.6, 14.180838
   294.7, 14.18521
   294.8, 14.189585
   294.9, 14.193961
     295, 14.198339
   295.1, 14.202719
   295.2, 14.207101
   295.3, 14.211485
   295.4, 14.215871
   295.5, 14.220258
   295.6, 14.224647
   295.7, 14.229039
   295.8, 14.233432
   295.9, 14.237827
     296, 14.242223
   296.1, 14.246622
   296.2, 14.251023
   296.3, 14.255425
   296.4, 14.25983
   296.5, 14.264236
   296.6, 14.268644
   296.7, 14.273054
   296.8, 14.277466
   296.9, 14.281879
     297, 14.286295
   297.1, 14.290713
   297.2, 14.295132
   297.3, 14.299553
   297.4, 14.303976
   297.5, 14.308402
   297.6, 14.312828
   297.7, 14.317257
   297.8, 14.321688
   297.9, 14.326121
     298, 14.330555
   298.1, 14.334992
   298.2, 14.33943
   298.3, 14.34387
   298.4, 14.348312
   298.5, 14.352756
   298.6, 14.357202
   298.7, 14.36165
   298.8,  14.3661
   298.9, 14.370551
     299, 14.375005
   299.1, 14.37946
   299.2, 14.383917
   299.3, 14.388377
   299.4, 14.392838
   299.5, 14.397301
   299.6, 14.401766
   299.7, 14.406233
   299.8, 14.410702
   299.9, 14.415172
     300, 14.419645
