4.2	421.56476331368174
5.2	421.56476331368174
6.2	421.56476331368174
7.2	421.56476331368174
8.2	421.56476331368174
9.2	500.2526644317727
10.2	596.8712947864091
11.2	690.8321339999999
12.2	781.280474486318
13.2	867.312182786409
14.2	948.0149245454545
15.2	1022.5132588499546
16.2	1090.0143958773178
17.2	1149.850381272727
18.2	1201.5135293954088
19.2	1244.6816293318636
20.2	1279.2292685454545
21.2	1305.2294441226816
22.2	1322.939964604591
23.2	1332.7797990909091
24.2	1335.311148
25.2	1331.1750345454545
26.2	1321.0856076363636
27.2	1305.7895029090907
28.2	1286.0358072727272
29.2	1262.5529556363635
30.2	1236.029330181818
31.2	1207.1020976363634
32.2	1176.3481258181819
33.2	1144.280103818182
34.2	1111.3533496363634
35.2	1077.9465512727272
36.2	1044.3863165454545
37.2	1010.945180181818
38.2	977.8464359999999
39.2	945.2711039999999
40.2	913.3614212727273
41.2	882.226927090909
42.2	851.950548
43.2	822.5903072727272
44.2	794.1764692727272
45.2	766.7410965454545
46.2	740.2944359999999
47.2	714.8360998181817
48.2	690.3562818181819
49.2	666.8394092727272
50.2	644.2645301818181
51.2	622.6067772727273
52.2	601.838479090909
53.2	581.9299536363635
54.2	562.8490850909092
55.2	544.5655036363636
56.2	527.0471638181817
57.2	510.2629148909091
58.2	494.1811346727272
59.2	478.7708200181817
60.2	464.0026296727272
61.2	449.84692183636355
62.2	436.27621765454546
63.2	423.26289116363637
64.2	410.7855374727273
65.2	398.8146946727272
66.2	387.32686954545454
67.2	376.2993217636363
68.2	365.7106744727273
69.2	355.53967725454544
70.2	345.76697438181816
71.2	336.37386778181815
72.2	327.3426064545454
73.2	318.65630710909096
74.2	310.2989488727273
75.2	302.2553309636363
76.2	294.51070919999995
77.2	287.051996
78.2	279.8658916
79.2	272.94006818181816
80.2	266.2625328363636
81.2	259.82277994545456
82.2	253.60968059999996
83.2	247.61384027272726
84.2	241.81532616363634
85.2	236.21497934545454
86.2	230.8045444181818
87.2	225.5761892545454
88.2	220.52161029090905
89.2	215.63406374545457
90.2	210.90598678181817
91.2	206.33105518181816
92.2	201.90295689090908
93.2	197.6157026
94.2	193.46256069090907
95.2	189.4388307090909
96.2	185.53963814545455
97.2	181.76005716363636
98.2	178.0954000181818
99.2	174.5411853090909
100.2	171.09315385454542
101.2	167.74724223636363
102.2	164.49956692727272
103.2	161.34612429090907
104.2	158.2690904668182
105.2	157.30169874136362
106.2	156.38405738999995
107.2	155.51343639181817
108.2	154.68696956772726
109.2	153.90282318772725
110.2	153.15813265454545
111.2	152.45133403045455
112.2	151.7801115231818
113.2	151.14224973545453
114.2	150.53624455545454
115.2	149.96070280409091
116.2	149.41341084227273
117.2	148.89346596363634
118.2	148.39882908499996
119.2	147.92846165045455
120.2	147.48137258999998
121.2	147.0557715372727
122.2	146.65081556772728
123.2	146.2654254240909
124.2	145.89859045454543
125.2	145.5493371759091
126.2	145.21677146863635
127.2	144.90031495363635
128.2	144.59856350090908
129.2	144.31104454954544
130.2	144.03702275136362
131.2	143.7755102
132.2	143.52645615772724
133.2	143.28892575954544
134.2	143.06234749909092
135.2	142.84615004636362
136.2	142.6398095131818
137.2	142.44252864227275
138.2	142.25442587272727
139.2	142.07475152136365
140.2	141.90278235954545
141.2	141.7387108990909
142.2	141.5818457009091
143.2	141.4315321859091
144.2	141.28801066045455
145.2	141.15035829090908
146.2	141.01886295772726
147.2	140.89262312318183
148.2	140.7719635718182
149.2	140.6560039736364
150.2	140.54510085863637
151.2	140.43840564227276
152.2	140.33479072727275
153.2	140.23823393954544
154.2	140.14252897772724
155.2	140.05347469909094
156.2	139.9648913009091
157.2	139.88258822227272
158.2	139.8004015331818
159.2	139.7211724181818
160.2	139.6477421940909
161.2	139.57396275954542
162.2	139.50569646272726
163.2	139.4368111190909
164.2	139.37017965863635
165.2	139.30868576954543
166.2	139.24620767272725
167.2	139.1886395940909
168.2	139.12988105045451
169.2	139.07282613545453
170.2	139.02039028272728
171.2	138.96647287681816
172.2	138.9169999331818
173.2	138.8658814181818
174.2	138.81667847681817
175.2	138.7716765718182
176.2	138.7248175031818
177.2	138.67902724227272
178.2	138.63724221
179.2	138.5934095413636
180.2	138.55046574545452
181.2	138.51135262227274
182.2	138.47002255363637
183.2	138.42942792136364
184.2	138.3925211513636
185.2	138.35325453727273
186.2	138.31758579590908
187.2	138.2794726
188.2	138.24188320409093
189.2	138.20776998999997
190.2	138.1711065031818
191.2	138.13486104227272
192.2	138.10199648272726
193.2	138.0664811231818
194.2	138.0312885090909
195.2	137.99639218590912
196.2	137.96477098999998
197.2	137.93039317590907
198.2	137.8962376240909
199.2	137.86528308272727
200.2	137.83150843227273
201.2	137.79789250909093
202.2	137.76741414954543
203.2	137.73406277181817
204.2	137.70081192136362
205.2	137.67065635136362
206.2	137.6375695190909
207.2	137.6045461777273
208.2	137.5715651636364
209.2	137.5475524272727
210.2	137.52056085454544
211.2	137.49357986363637
212.2	137.46959358181817
213.2	137.44259671818182
214.2	137.41557869090911
215.2	137.3885289181818
216.2	137.3644368181818
217.2	137.3372971
218.2	137.31009918181817
219.2	137.28283777272725
220.2	137.25850758181818
221.2	137.23109802727274
222.2	137.2036091090909
223.2	137.17603024545454
224.2	137.15135614545454
225.2	137.12358680909088
226.2	137.09571165454543
227.2	137.06773068181818
228.2	137.04263330909092
229.2	137.01442482727273
230.2	136.98609994545455
231.2	136.9576533727273
232.2	136.9320798181818
233.2	136.9033792818182
234.2	136.87455176363636
235.2	136.84559197272725
236.2	136.8194946181818
237.2	136.79026499090907
238.2	136.7608978
239.2	136.73139304545452
240.2	136.70175072727272
241.2	136.67496555454545
242.2	136.6450375272727
243.2	136.61497193636362
244.2	136.58475819999998
245.2	136.55740160909087
246.2	136.52690216363635
247.2	136.49625986363634
248.2	136.46546941818178
249.2	136.4345714790909
250.2	136.40652539454544
251.2	136.37533112045455
252.2	136.34399932681816
253.2	136.31251938772726
254.2	136.2808965940909
255.2	136.24913623681815
256.2	136.22022773409088
257.2	136.18818162363632
258.2	136.15599270272727
259.2	136.1236609272727
260.2	136.0911968790909
261.2	136.06158997636362
262.2	136.02884546590906
263.2	135.9959634359091
264.2	135.9629491331818
265.2	135.92980255772727
266.2	135.89651841863636
267.2	135.86610200681815
268.2	135.83255856909088
269.2	135.79888290272726
270.2	135.76508025454544
271.2	135.73114533363633
272.2	135.69708872181815
273.2	135.66591037499998
274.2	135.63160509045454
275.2	135.597178115
276.2	135.56262944863636
277.2	135.52796438227273
278.2	135.4931829159091
279.2	135.45827971454543
280.2	135.4262654481818
281.2	135.39114007272724
282.2	135.35589829727272
283.2	135.32055070363634
284.2	135.28509195681815
285.2	135.24952743590907
286.2	135.21385180590906
287.2	135.17807564863637
288.2	135.1451989640909
289.2	135.10921646136364
290.2	135.0731386781818
291.2	135.03696041181817
292.2	135.00068690909092
293.2	134.9643128790909
294.2	134.92784890363637
295.2	134.89129493863635
296.2	134.8576457813636
297.2	134.82091196954545
298.2	134.7840882122727
299.2	134.74717980045452
300.2	134.7101814431818
301.2	134.6731036781818
302.2	134.63594659363633
303.2	134.59870485454542
