     4.2  0.81702441
     4.3  0.85753632
     4.4  0.89815156
     4.5  0.93890459
     4.6  0.97982983
     4.7  1.0209617
     4.8  1.0623348
     4.9  1.1039834
       5  1.1459419
     5.1  1.188245
     5.2  1.2309269
     5.3  1.2740221
     5.4  1.3175652
     5.5  1.3615904
     5.6  1.4061324
     5.7  1.4512254
     5.8  1.496904
     5.9  1.5432026
       6  1.5901557
     6.1  1.6377976
     6.2  1.6861629
     6.3  1.735286
     6.4  1.7852013
     6.5  1.8359433
     6.6  1.8875464
     6.7  1.940045
     6.8  1.9934736
     6.9  2.0478667
       7  2.1032587
     7.1  2.1596841
     7.2  2.2171772
     7.3  2.2757725
     7.4  2.3355046
     7.5  2.3964077
     7.6  2.4585164
     7.7  2.5218651
     7.8  2.5864883
     7.9  2.6524203
       8  2.7196957
     8.1  2.7883494
     8.2  2.858418
     8.3  2.9299387
     8.4  3.0029488
     8.5  3.0774854
     8.6  3.1535857
     8.7  3.2312869
     8.8  3.3106262
     8.9  3.3916407
       9  3.4743677
     9.1  3.5588443
     9.2  3.6451076
     9.3  3.733195
     9.4  3.8231435
     9.5  3.9149904
     9.6  4.0087728
     9.7  4.1045279
     9.8  4.202293
     9.9  4.3021051
      10  4.4040014
    10.1  4.5080133
    10.2  4.6141477
    10.3  4.722406
    10.4  4.8327892
    10.5  4.9452985
    10.6  5.0599351
    10.7  5.1767002
    10.8  5.295595
    10.9  5.4166205
      11  5.539778
    11.1  5.6650687
    11.2  5.7924937
    11.3  5.9220543
    11.4  6.0537514
    11.5  6.1875864
    11.6  6.3235604
    11.7  6.4616746
    11.8  6.6019301
    11.9  6.7443282
      12  6.8888699
    12.1  7.0355564
    12.2  7.184389
    12.3  7.3353688
    12.4  7.488497
    12.5  7.6437747
    12.6  7.8012031
    12.7  7.9607833
    12.8  8.1225167
    12.9  8.2864042
      13  8.4524471
    13.1  8.6206466
    13.2  8.7910038
    13.3  8.9635199
    13.4  9.1381961
    13.5  9.3150335
    13.6  9.4940333
    13.7  9.6751967
    13.8  9.8585248
    13.9  10.044019
      14  10.23168
    14.1  10.421509
    14.2  10.613508
    14.3  10.807678
    14.4  11.004019
    14.5  11.202533
    14.6  11.403221
    14.7  11.606085
    14.8  11.811125
    14.9  12.018342
      15  12.227739
    15.1  12.439315
    15.2  12.653073
    15.3  12.869012
    15.4  13.087136
    15.5  13.307443
    15.6  13.529937
    15.7  13.754618
    15.8  13.981487
    15.9  14.210545
      16  14.441794
    16.1  14.675234
    16.2  14.910867
    16.3  15.148694
    16.4  15.388716
    16.5  15.630935
    16.6  15.875351
    16.7  16.121966
    16.8  16.370781
    16.9  16.621797
      17  16.875015
    17.1  17.130436
    17.2  17.388062
    17.3  17.647893
    17.4  17.909932
    17.5  18.174178
    17.6  18.440634
    17.7   18.7093
    17.8  18.980178
    17.9  19.253268
      18  19.528572
    18.1  19.806091
    18.2  20.085827
    18.3  20.36778
    18.4  20.651951
    18.5  20.938343
    18.6  21.226955
    18.7  21.517789
    18.8  21.810847
    18.9  22.106129
      19  22.403636
    19.1  22.703371
    19.2  23.005333
    19.3  23.309524
    19.4  23.615946
    19.5  23.924599
    19.6  24.235485
    19.7  24.548604
    19.8  24.863959
    19.9  25.181549
      20  25.501377
    20.1  25.823442
    20.2  26.147733
    20.3  26.474241
    20.4  26.802953
    20.5  27.133859
    20.6  27.466947
    20.7  27.802207
    20.8  28.139626
    20.9  28.479194
      21  28.820899
    21.1  29.164731
    21.2  29.510678
    21.3  29.858728
    21.4  30.208871
    21.5  30.561095
    21.6  30.915389
    21.7  31.271742
    21.8  31.630143
    21.9  31.99058
      22  32.353042
    22.1  32.717519
    22.2  33.083998
    22.3  33.452468
    22.4  33.822919
    22.5  34.195339
    22.6  34.569716
    22.7  34.94604
    22.8   35.3243
    22.9  35.704483
      23  36.08658
    23.1  36.470578
    23.2  36.856467
    23.3  37.244235
    23.4  37.633871
    23.5  38.025364
    23.6  38.418702
    23.7  38.813874
    23.8  39.21087
    23.9  39.609678
      24  40.010286
    24.1  40.412684
    24.2  40.816859
    24.3  41.222802
    24.4  41.630501
    24.5  42.039944
    24.6  42.45112
    24.7  42.864019
    24.8  43.278628
    24.9  43.694937
      25  44.112934
    25.1  44.532608
    25.2  44.953949
    25.3  45.376944
    25.4  45.801582
    25.5  46.227853
    25.6  46.655745
    25.7  47.085247
    25.8  47.516347
    25.9  47.949034
      26  48.383298
    26.1  48.819127
    26.2  49.256509
    26.3  49.695433
    26.4  50.135889
    26.5  50.577865
    26.6  51.02135
    26.7  51.466332
    26.8   51.9128
    26.9  52.360744
      27  52.810152
    27.1  53.261012
    27.2  53.713313
    27.3  54.167045
    27.4  54.622195
    27.5  55.078754
    27.6  55.536709
    27.7  55.996049
    27.8  56.456763
    27.9  56.91884
      28  57.382268
    28.1  57.847037
    28.2  58.313136
    28.3  58.780552
    28.4  59.249274
    28.5  59.719292
    28.6  60.190595
    28.7  60.66317
    28.8  61.137008
    28.9  61.612095
      29  62.088423
    29.1  62.565978
    29.2  63.04475
    29.3  63.524728
    29.4   64.0059
    29.5  64.488255
    29.6  64.971783
    29.7  65.456471
    29.8  65.942308
    29.9  66.429284
      30  66.917388
    30.1  67.406606
    30.2  67.89693
    30.3  68.388347
    30.4  68.880846
    30.5  69.374416
    30.6  69.869046
    30.7  70.364724
    30.8  70.861439
    30.9  71.359181
      31  71.857937
    31.1  72.357697
    31.2  72.858449
    31.3  73.360183
    31.4  73.862886
    31.5  74.366548
    31.6  74.871157
    31.7  75.376703
    31.8  75.883174
    31.9  76.390558
      32  76.898845
    32.1  77.408023
    32.2  77.918082
    32.3  78.429009
    32.4  78.940794
    32.5  79.453425
    32.6  79.966892
    32.7  80.481182
    32.8  80.996286
    32.9  81.51219
      33  82.028885
    33.1  82.546359
    33.2  83.064601
    33.3   83.5836
    33.4  84.103344
    33.5  84.623822
    33.6  85.145023
    33.7  85.666935
    33.8  86.189549
    33.9  86.712851
      34  87.236831
    34.1  87.761479
    34.2  88.286781
    34.3  88.812729
    34.4  89.339309
    34.5  89.866511
    34.6  90.394324
    34.7  90.922736
    34.8  91.451737
    34.9  91.981314
      35  92.511457
    35.1  93.042155
    35.2  93.573396
    35.3  94.105169
    35.4  94.637463
    35.5  95.170267
    35.6  95.703569
    35.7  96.237358
    35.8  96.771623
    35.9  97.306353
      36  97.841536
    36.1  98.377162
    36.2  98.913219
    36.3  99.449695
    36.4  99.98658
    36.5  100.52386
    36.6  101.06153
    36.7  101.59958
    36.8  102.13798
    36.9  102.67674
      37  103.21584
    37.1  103.75527
    37.2  104.29502
    37.3  104.83508
    37.4  105.37543
    37.5  105.91607
    37.6  106.45699
    37.7  106.99816
    37.8  107.53959
    37.9  108.08125
      38  108.62315
    38.1  109.16526
    38.2  109.70758
    38.3  110.2501
    38.4  110.7928
    38.5  111.33567
    38.6  111.8787
    38.7  112.42189
    38.8  112.96521
    38.9  113.50866
      39  114.05223
    39.1  114.59591
    39.2  115.13967
    39.3  115.68352
    39.4  116.22745
    39.5  116.77143
    39.6  117.31546
    39.7  117.85953
    39.8  118.40363
    39.9  118.94774
      40  119.49186
    40.1  120.03597
    40.2  120.58007
    40.3  121.12413
    40.4  121.66815
    40.5  122.21213
    40.6  122.75603
    40.7  123.29987
    40.8  123.84362
    40.9  124.38727
      41  124.93082
    41.1  125.47424
    41.2  126.01754
    41.3  126.56069
    41.4  127.10369
    41.5  127.64653
    41.6  128.18919
    41.7  128.73167
    41.8  129.27395
    41.9  129.81601
      42  130.35786
    42.1  130.89948
    42.2  131.44086
    42.3  131.98198
    42.4  132.52284
    42.5  133.06342
    42.6  133.60371
    42.7  134.1437
    42.8  134.68339
    42.9  135.22275
      43  135.76178
    43.1  136.30047
    43.2  136.8388
    43.3  137.37677
    43.4  137.91436
    43.5  138.45156
    43.6  138.98836
    43.7  139.52475
    43.8  140.06072
    43.9  140.59625
      44  141.13134
    44.1  141.66598
    44.2  142.20015
    44.3  142.73383
    44.4  143.26703
    44.5  143.79973
    44.6  144.33192
    44.7  144.86358
    44.8  145.39471
    44.9  145.9253
      45  146.45532
    45.1  146.98478
    45.2  147.51366
    45.3  148.04195
    45.4  148.56964
    45.5  149.09671
    45.6  149.62316
    45.7  150.14897
    45.8  150.67414
    45.9  151.19865
      46  151.72249
    46.1  152.24565
    46.2  152.76812
    46.3  153.28989
    46.4  153.81094
    46.5  154.33127
    46.6  154.85086
    46.7  155.3697
    46.8  155.88778
    46.9  156.4051
      47  156.92163
    47.1  157.43737
    47.2  157.9523
    47.3  158.46642
    47.4  158.97972
    47.5  159.49217
    47.6  160.00378
    47.7  160.51453
    47.8  161.02441
    47.9  161.5334
      48  162.0415
    48.1  162.5487
    48.2  163.05498
    48.3  163.56033
    48.4  164.06474
    48.5  164.56821
    48.6  165.07071
    48.7  165.57224
    48.8  166.07279
    48.9  166.57234
      49  167.07089
    49.1  167.56842
    49.2  168.06492
    49.3  168.56038
    49.4  169.05479
    49.5  169.54814
    49.6  170.04041
    49.7  170.5316
    49.8  171.0217
    49.9  171.51069
      50  171.99856
    50.1  172.4853
    50.2  172.97092
    50.3  173.45541
    50.4  173.93877
    50.5  174.42101
    50.6  174.90214
    50.7  175.38214
    50.8  175.86102
    50.9  176.3388
      51  176.81545
    51.1   177.291
    51.2  177.76543
    51.3  178.23876
    51.4  178.71098
    51.5  179.18209
    51.6  179.65211
    51.7  180.12102
    51.8  180.58883
    51.9  181.05554
      52  181.52116
    52.1  181.98568
    52.2  182.44911
    52.3  182.91145
    52.4  183.3727
    52.5  183.83287
    52.6  184.29194
    52.7  184.74994
    52.8  185.20685
    52.9  185.66268
      53  186.11743
    53.1  186.57111
    53.2  187.02371
    53.3  187.47524
    53.4  187.92569
    53.5  188.37508
    53.6  188.8234
    53.7  189.27065
    53.8  189.71684
    53.9  190.16196
      54  190.60603
    54.1  191.04903
    54.2  191.49098
    54.3  191.93187
    54.4  192.3717
    54.5  192.81049
    54.6  193.24822
    54.7  193.68491
    54.8  194.12055
    54.9  194.55514
      55  194.98869
    55.1  195.4212
    55.2  195.85267
    55.3  196.2831
    55.4  196.71249
    55.5  197.14085
    55.6  197.56817
    55.7  197.99447
    55.8  198.41973
    55.9  198.84397
      56  199.26718
    56.1  199.68937
    56.2  200.11053
    56.3  200.53067
    56.4  200.9498
    56.5  201.36791
    56.6   201.785
    56.7  202.20108
    56.8  202.61614
    56.9  203.0302
      57  203.44325
    57.1  203.85529
    57.2  204.26633
    57.3  204.67636
    57.4  205.08539
    57.5  205.49342
    57.6  205.90046
    57.7  206.30649
    57.8  206.71154
    57.9  207.11559
      58  207.51865
    58.1  207.92072
    58.2  208.3218
    58.3  208.7219
    58.4  209.12101
    58.5  209.51915
    58.6  209.9163
    58.7  210.31247
    58.8  210.70767
    58.9  211.10189
      59  211.49513
    59.1  211.88741
    59.2  212.27871
    59.3  212.66905
    59.4  213.05842
    59.5  213.44683
    59.6  213.83427
    59.7  214.22076
    59.8  214.60628
    59.9  214.99085
      60  215.37446
    60.1  215.75711
    60.2  216.13881
    60.3  216.51957
    60.4  216.89937
    60.5  217.27823
    60.6  217.65614
    60.7  218.03311
    60.8  218.40914
    60.9  218.78422
      61  219.15837
    61.1  219.53158
    61.2  219.90386
    61.3  220.2752
    61.4  220.64561
    61.5  221.0151
    61.6  221.38365
    61.7  221.75128
    61.8  222.11798
    61.9  222.48377
      62  222.84863
    62.1  223.21257
    62.2  223.57559
    62.3  223.9377
    62.4  224.2989
    62.5  224.65918
    62.6  225.01856
    62.7  225.37702
    62.8  225.73458
    62.9  226.09123
      63  226.44698
    63.1  226.80183
    63.2  227.15578
    63.3  227.50883
    63.4  227.86098
    63.5  228.21224
    63.6  228.56261
    63.7  228.91209
    63.8  229.26067
    63.9  229.60837
      64  229.95519
    64.1  230.30112
    64.2  230.64616
    64.3  230.99033
    64.4  231.33362
    64.5  231.67603
    64.6  232.01757
    64.7  232.35823
    64.8  232.69802
    64.9  233.03694
      65  233.37499
    65.1  233.71218
    65.2  234.0485
    65.3  234.38396
    65.4  234.71856
    65.5  235.0523
    65.6  235.38518
    65.7  235.7172
    65.8  236.04837
    65.9  236.37869
      66  236.70816
    66.1  237.03678
    66.2  237.36455
    66.3  237.69148
    66.4  238.01756
    66.5  238.3428
    66.6  238.6672
    66.7  238.99076
    66.8  239.31349
    66.9  239.63538
      67  239.95643
    67.1  240.27666
    67.2  240.59606
    67.3  240.91463
    67.4  241.23237
    67.5  241.54929
    67.6  241.86538
    67.7  242.18066
    67.8  242.49511
    67.9  242.80875
      68  243.12157
    68.1  243.43358
    68.2  243.74478
    68.3  244.05516
    68.4  244.36474
    68.5  244.67351
    68.6  244.98148
    68.7  245.28864
    68.8   245.595
    68.9  245.90056
      69  246.20532
    69.1  246.50929
    69.2  246.81246
    69.3  247.11484
    69.4  247.41643
    69.5  247.71723
    69.6  248.01724
    69.7  248.31647
    69.8  248.61491
    69.9  248.91257
      70  249.20945
    70.1  249.50555
    70.2  249.80087
    70.3  250.09542
    70.4  250.38919
    70.5  250.68219
    70.6  250.97443
    70.7  251.26589
    70.8  251.55659
    70.9  251.84652
      71  252.13569
    71.1  252.4241
    71.2  252.71175
    71.3  252.99864
    71.4  253.28478
    71.5  253.57016
    71.6  253.85479
    71.7  254.13866
    71.8  254.42179
    71.9  254.70417
      72  254.98581
    72.1  255.2667
    72.2  255.54685
    72.3  255.82626
    72.4  256.10494
    72.5  256.38287
    72.6  256.66007
    72.7  256.93654
    72.8  257.21228
    72.9  257.48728
      73  257.76156
    73.1  258.03511
    73.2  258.30794
    73.3  258.58004
    73.4  258.85143
    73.5  259.12209
    73.6  259.39204
    73.7  259.66127
    73.8  259.92979
    73.9  260.19759
      74  260.46469
    74.1  260.73107
    74.2  260.99675
    74.3  261.26173
    74.4   261.526
    74.5  261.78957
    74.6  262.05244
    74.7  262.31461
    74.8  262.57608
    74.9  262.83687
      75  263.09695
    75.1  263.35635
    75.2  263.61506
    75.3  263.87308
    75.4  264.13041
    75.5  264.38706
    75.6  264.64302
    75.7  264.89831
    75.8  265.15292
    75.9  265.40685
      76  265.6601
    76.1  265.91269
    76.2  266.1646
    76.3  266.41583
    76.4  266.66641
    76.5  266.91631
    76.6  267.16555
    76.7  267.41413
    76.8  267.66204
    76.9  267.9093
      77  268.1559
    77.1  268.40184
    77.2  268.64713
    77.3  268.89176
    77.4  269.13575
    77.5  269.37908
    77.6  269.62177
    77.7  269.86381
    77.8  270.10521
    77.9  270.34597
      78  270.58608
    78.1  270.82556
    78.2  271.0644
    78.3  271.30261
    78.4  271.54018
    78.5  271.77712
    78.6  272.01343
    78.7  272.24912
    78.8  272.48417
    78.9  272.71861
      79  272.95242
    79.1  273.18561
    79.2  273.41818
    79.3  273.65013
    79.4  273.88146
    79.5  274.11219
    79.6  274.3423
    79.7  274.5718
    79.8  274.80069
    79.9  275.02897
      80  275.25665
    80.1  275.48373
    80.2  275.7102
    80.3  275.93607
    80.4  276.16135
    80.5  276.38603
    80.6  276.61011
    80.7  276.8336
    80.8  277.0565
    80.9  277.27881
      81  277.50054
    81.1  277.72167
    81.2  277.94223
    81.3  278.1622
    81.4  278.38159
    81.5  278.6004
    81.6  278.81863
    81.7  279.03629
    81.8  279.25338
    81.9  279.46989
      82  279.68583
    82.1  279.90121
    82.2  280.11601
    82.3  280.33026
    82.4  280.54394
    82.5  280.75705
    82.6  280.96961
    82.7  281.18161
    82.8  281.39306
    82.9  281.60395
      83  281.81428
    83.1  282.02407
    83.2  282.23331
    83.3   282.442
    83.4  282.65014
    83.5  282.85774
    83.6  283.0648
    83.7  283.27132
    83.8  283.4773
    83.9  283.68274
      84  283.88765
    84.1  284.09202
    84.2  284.29587
    84.3  284.49918
    84.4  284.70196
    84.5  284.90422
    84.6  285.10596
    84.7  285.30717
    84.8  285.50786
    84.9  285.70803
      85  285.90768
    85.1  286.10682
    85.2  286.30544
    85.3  286.50355
    85.4  286.70115
    85.5  286.89824
    85.6  287.09483
    85.7  287.29091
    85.8  287.48648
    85.9  287.68156
      86  287.87613
    86.1  288.07021
    86.2  288.26379
    86.3  288.45687
    86.4  288.64946
    86.5  288.84156
    86.6  289.03317
    86.7  289.2243
    86.8  289.41493
    86.9  289.60508
      87  289.79475
    87.1  289.98394
    87.2  290.17265
    87.3  290.36089
    87.4  290.54864
    87.5  290.73593
    87.6  290.92274
    87.7  291.10908
    87.8  291.29495
    87.9  291.48036
      88  291.6653
    88.1  291.84978
    88.2  292.0338
    88.3  292.21735
    88.4  292.40045
    88.5  292.5831
    88.6  292.76528
    88.7  292.94702
    88.8  293.1283
    88.9  293.30914
      89  293.48953
    89.1  293.66947
    89.2  293.84897
    89.3  294.02802
    89.4  294.20664
    89.5  294.38482
    89.6  294.56256
    89.7  294.73986
    89.8  294.91673
    89.9  295.09317
      90  295.26918
    90.1  295.44477
    90.2  295.61992
    90.3  295.79465
    90.4  295.96896
    90.5  296.14285
    90.6  296.31632
    90.7  296.48936
    90.8   296.662
    90.9  296.83422
      91  297.00603
    91.1  297.17742
    91.2  297.34841
    91.3  297.51899
    91.4  297.68917
    91.5  297.85894
    91.6  298.02831
    91.7  298.19728
    91.8  298.36585
    91.9  298.53403
      92  298.70181
    92.1  298.86919
    92.2  299.03619
    92.3  299.20279
    92.4  299.36901
    92.5  299.53484
    92.6  299.70029
    92.7  299.86536
    92.8  300.03004
    92.9  300.19435
      93  300.35828
    93.1  300.52183
    93.2  300.68501
    93.3  300.84781
    93.4  301.01025
    93.5  301.17232
    93.6  301.33402
    93.7  301.49535
    93.8  301.65633
    93.9  301.81694
      94  301.97719
    94.1  302.13708
    94.2  302.29662
    94.3  302.4558
    94.4  302.61463
    94.5  302.77311
    94.6  302.93124
    94.7  303.08902
    94.8  303.24646
    94.9  303.40355
      95  303.5603
    95.1  303.71671
    95.2  303.87278
    95.3  304.02851
    95.4  304.18391
    95.5  304.33898
    95.6  304.49371
    95.7  304.64811
    95.8  304.80219
    95.9  304.95594
      96  305.10936
    96.1  305.26246
    96.2  305.41524
    96.3  305.5677
    96.4  305.71984
    96.5  305.87167
    96.6  306.02318
    96.7  306.17438
    96.8  306.32527
    96.9  306.47585
      97  306.62612
    97.1  306.77609
    97.2  306.92576
    97.3  307.07512
    97.4  307.22418
    97.5  307.37294
    97.6  307.52141
    97.7  307.66958
    97.8  307.81746
    97.9  307.96505
      98  308.11234
    98.1  308.25935
    98.2  308.40608
    98.3  308.55252
    98.4  308.69867
    98.5  308.84455
    98.6  308.99015
    98.7  309.13546
    98.8  309.28051
    98.9  309.42528
      99  309.56977
    99.1   309.714
    99.2  309.85796
    99.3  310.00165
    99.4  310.14508
    99.5  310.28824
    99.6  310.43114
    99.7  310.57378
    99.8  310.71617
    99.9  310.85829
     100  311.00017
   100.1  311.14179
   100.2  311.28315
   100.3  311.42427
   100.4  311.56513
   100.5  311.70574
   100.6  311.8461
   100.7  311.98621
   100.8  312.12606
   100.9  312.26567
     101  312.40502
   101.1  312.54413
   101.2  312.68298
   101.3  312.82159
   101.4  312.95994
   101.5  313.09805
   101.6  313.23591
   101.7  313.37351
   101.8  313.51087
   101.9  313.64798
     102  313.78485
   102.1  313.92146
   102.2  314.05783
   102.3  314.19395
   102.4  314.32982
   102.5  314.46545
   102.6  314.60083
   102.7  314.73596
   102.8  314.87085
   102.9  315.00549
     103  315.13989
   103.1  315.27404
   103.2  315.40794
   103.3  315.5416
   103.4  315.67502
   103.5  315.80819
   103.6  315.94112
   103.7  316.0738
   103.8  316.20624
   103.9  316.33844
     104  316.47039
   104.1  316.6021
   104.2  316.73357
   104.3  316.8648
   104.4  316.99578
   104.5  317.12652
   104.6  317.25702
   104.7  317.38728
   104.8  317.5173
   104.9  317.64708
     105  317.77661
   105.1  317.90591
   105.2  318.03496
   105.3  318.16378
   105.4  318.29236
   105.5  318.42069
   105.6  318.54879
   105.7  318.67665
   105.8  318.80427
   105.9  318.93165
     106  319.0588
   106.1  319.18571
   106.2  319.31237
   106.3  319.43881
   106.4   319.565
   106.5  319.69096
   106.6  319.81668
   106.7  319.94216
   106.8  320.06741
   106.9  320.19242
     107  320.3172
   107.1  320.44174
   107.2  320.56605
   107.3  320.69012
   107.4  320.81396
   107.5  320.93756
   107.6  321.06093
   107.7  321.18407
   107.8  321.30697
   107.9  321.42964
     108  321.55207
   108.1  321.67427
   108.2  321.79624
   108.3  321.91798
   108.4  322.03948
   108.5  322.16076
   108.6  322.2818
   108.7  322.40261
   108.8  322.52319
   108.9  322.64354
     109  322.76365
   109.1  322.88354
   109.2  323.0032
   109.3  323.12263
   109.4  323.24183
   109.5  323.36079
   109.6  323.47953
   109.7  323.59804
   109.8  323.71633
   109.9  323.83438
     110  323.95221
   110.1  324.0698
   110.2  324.18717
   110.3  324.30432
   110.4  324.42123
   110.5  324.53792
   110.6  324.65438
   110.7  324.77062
   110.8  324.88663
   110.9  325.00241
     111  325.11797
   111.1  325.23331
   111.2  325.34841
   111.3  325.4633
   111.4  325.57796
   111.5  325.69239
   111.6  325.8066
   111.7  325.92059
   111.8  326.03435
   111.9  326.14789
     112  326.26121
   112.1  326.3743
   112.2  326.48717
   112.3  326.59982
   112.4  326.71225
   112.5  326.82445
   112.6  326.93643
   112.7  327.0482
   112.8  327.15974
   112.9  327.27106
     113  327.38216
   113.1  327.49304
   113.2  327.60369
   113.3  327.71413
   113.4  327.82435
   113.5  327.93435
   113.6  328.04413
   113.7  328.1537
   113.8  328.26304
   113.9  328.37216
     114  328.48107
   114.1  328.58976
   114.2  328.69823
   114.3  328.80649
   114.4  328.91453
   114.5  329.02235
   114.6  329.12995
   114.7  329.23734
   114.8  329.34451
   114.9  329.45146
     115  329.5582
   115.1  329.66473
   115.2  329.77104
   115.3  329.87713
   115.4  329.98301
   115.5  330.08868
   115.6  330.19413
   115.7  330.29937
   115.8  330.40439
   115.9  330.50921
     116  330.6138
   116.1  330.71819
   116.2  330.82236
   116.3  330.92632
   116.4  331.03007
   116.5  331.13361
   116.6  331.23693
   116.7  331.34004
   116.8  331.44295
   116.9  331.54564
     117  331.64812
   117.1  331.75039
   117.2  331.85245
   117.3  331.9543
   117.4  332.05594
   117.5  332.15737
   117.6  332.2586
   117.7  332.35961
   117.8  332.46042
   117.9  332.56101
     118  332.6614
   118.1  332.76158
   118.2  332.86156
   118.3  332.96132
   118.4  333.06088
   118.5  333.16023
   118.6  333.25938
   118.7  333.35832
   118.8  333.45705
   118.9  333.55558
     119  333.6539
   119.1  333.75202
   119.2  333.84993
   119.3  333.94763
   119.4  334.04514
   119.5  334.14243
   119.6  334.23953
   119.7  334.33642
   119.8  334.4331
   119.9  334.52959
     120  334.62587
   120.1  334.72194
   120.2  334.81782
   120.3  334.91349
   120.4  335.00896
   120.5  335.10423
   120.6  335.19929
   120.7  335.29416
   120.8  335.38882
   120.9  335.48329
     121  335.57755
   121.1  335.67161
   121.2  335.76547
   121.3  335.85913
   121.4  335.9526
   121.5  336.04586
   121.6  336.13893
   121.7  336.23179
   121.8  336.32446
   121.9  336.41693
     122  336.5092
   122.1  336.60127
   122.2  336.69315
   122.3  336.78482
   122.4  336.8763
   122.5  336.96759
   122.6  337.05867
   122.7  337.14957
   122.8  337.24026
   122.9  337.33076
     123  337.42106
   123.1  337.51117
   123.2  337.60108
   123.3  337.6908
   123.4  337.78033
   123.5  337.86966
   123.6  337.95879
   123.7  338.04773
   123.8  338.13648
   123.9  338.22503
     124  338.3134
   124.1  338.40156
   124.2  338.48954
   124.3  338.57732
   124.4  338.66492
   124.5  338.75232
   124.6  338.83952
   124.7  338.92654
   124.8  339.01337
   124.9     339.1
     125  339.18645
   125.1  339.2727
   125.2  339.35876
   125.3  339.44464
   125.4  339.53032
   125.5  339.61582
   125.6  339.70112
   125.7  339.78624
   125.8  339.87117
   125.9  339.95591
     126  340.04046
   126.1  340.12483
   126.2   340.209
   126.3  340.29299
   126.4  340.3768
   126.5  340.46041
   126.6  340.54384
   126.7  340.62708
   126.8  340.71014
   126.9  340.79301
     127  340.8757
   127.1  340.9582
   127.2  341.04051
   127.3  341.12264
   127.4  341.20459
   127.5  341.28635
   127.6  341.36793
   127.7  341.44932
   127.8  341.53053
   127.9  341.61155
     128  341.6924
   128.1  341.77306
   128.2  341.85354
   128.3  341.93383
   128.4  342.01394
   128.5  342.09388
   128.6  342.17363
   128.7  342.2532
   128.8  342.33258
   128.9  342.41179
     129  342.49082
   129.1  342.56966
   129.2  342.64833
   129.3  342.72681
   129.4  342.80512
   129.5  342.88325
   129.6  342.9612
   129.7  343.03896
   129.8  343.11655
   129.9  343.19397
     130  343.2712
   130.1  343.34826
   130.2  343.42514
   130.3  343.50184
   130.4  343.57836
   130.5  343.65471
   130.6  343.73088
   130.7  343.80688
   130.8  343.88269
   130.9  343.95834
     131  344.0338
   131.1  344.1091
   131.2  344.18421
   131.3  344.25915
   131.4  344.33392
   131.5  344.40852
   131.6  344.48293
   131.7  344.55718
   131.8  344.63125
   131.9  344.70515
     132  344.77887
   132.1  344.85243
   132.2  344.92581
   132.3  344.99901
   132.4  345.07205
   132.5  345.14491
   132.6  345.2176
   132.7  345.29013
   132.8  345.36248
   132.9  345.43465
     133  345.50666
   133.1  345.5785
   133.2  345.65017
   133.3  345.72167
   133.4  345.79299
   133.5  345.86415
   133.6  345.93514
   133.7  346.00596
   133.8  346.07662
   133.9  346.1471
     134  346.21742
   134.1  346.28757
   134.2  346.35755
   134.3  346.42736
   134.4  346.49701
   134.5  346.56649
   134.6  346.6358
   134.7  346.70495
   134.8  346.77393
   134.9  346.84274
     135  346.91139
   135.1  346.97987
   135.2  347.04819
   135.3  347.11635
   135.4  347.18434
   135.5  347.25216
   135.6  347.31982
   135.7  347.38732
   135.8  347.45465
   135.9  347.52182
     136  347.58883
   136.1  347.65567
   136.2  347.72236
   136.3  347.78888
   136.4  347.85523
   136.5  347.92143
   136.6  347.98746
   136.7  348.05333
   136.8  348.11905
   136.9  348.1846
     137  348.24999
   137.1  348.31522
   137.2  348.38029
   137.3  348.4452
   137.4  348.50995
   137.5  348.57454
   137.6  348.63897
   137.7  348.70324
   137.8  348.76736
   137.9  348.83131
     138  348.89511
   138.1  348.95875
   138.2  349.02224
   138.3  349.08556
   138.4  349.14873
   138.5  349.21174
   138.6  349.2746
   138.7  349.3373
   138.8  349.39984
   138.9  349.46222
     139  349.52446
   139.1  349.58653
   139.2  349.64845
   139.3  349.71022
   139.4  349.77183
   139.5  349.83329
   139.6  349.89459
   139.7  349.95574
   139.8  350.01674
   139.9  350.07758
     140  350.13827
   140.1  350.1988
   140.2  350.25919
   140.3  350.31942
   140.4  350.3795
   140.5  350.43943
   140.6  350.4992
   140.7  350.55883
   140.8  350.6183
   140.9  350.67762
     141  350.7368
   141.1  350.79582
   141.2  350.85469
   141.3  350.91341
   141.4  350.97198
   141.5  351.03041
   141.6  351.08868
   141.7  351.14681
   141.8  351.20478
   141.9  351.26261
     142  351.32029
   142.1  351.37782
   142.2  351.43521
   142.3  351.49245
   142.4  351.54954
   142.5  351.60648
   142.6  351.66328
   142.7  351.71993
   142.8  351.77643
   142.9  351.83279
     143  351.88901
   143.1  351.94508
   143.2   352.001
   143.3  352.05678
   143.4  352.11241
   143.5  352.1679
   143.6  352.22324
   143.7  352.27845
   143.8  352.3335
   143.9  352.38842
     144  352.44319
   144.1  352.49782
   144.2  352.5523
   144.3  352.60665
   144.4  352.66085
   144.5  352.71491
   144.6  352.76883
   144.7  352.8226
   144.8  352.87624
   144.9  352.92974
     145  352.98309
   145.1  353.0363
   145.2  353.08938
   145.3  353.14231
   145.4  353.19511
   145.5  353.24776
   145.6  353.30028
   145.7  353.35266
   145.8  353.4049
   145.9   353.457
     146  353.50896
   146.1  353.56078
   146.2  353.61247
   146.3  353.66402
   146.4  353.71543
   146.5  353.76671
   146.6  353.81785
   146.7  353.86885
   146.8  353.91972
   146.9  353.97045
     147  354.02105
   147.1  354.07151
   147.2  354.12183
   147.3  354.17202
   147.4  354.22208
   147.5   354.272
   147.6  354.32179
   147.7  354.37144
   147.8  354.42096
   147.9  354.47035
     148  354.5196
   148.1  354.56872
   148.2  354.61771
   148.3  354.66657
   148.4  354.71529
   148.5  354.76388
   148.6  354.81234
   148.7  354.86067
   148.8  354.90887
   148.9  354.95694
     149  355.00487
   149.1  355.05268
   149.2  355.10036
   149.3  355.1479
   149.4  355.19532
   149.5  355.24261
   149.6  355.28977
   149.7  355.3368
   149.8  355.3837
   149.9  355.43047
     150  355.47712
   150.1  355.52363
   150.2  355.57002
   150.3  355.61629
   150.4  355.66242
   150.5  355.70843
   150.6  355.75431
   150.7  355.80007
   150.8  355.8457
   150.9  355.8912
     151  355.93658
   151.1  355.98183
   151.2  356.02696
   151.3  356.07196
   151.4  356.11684
   151.5  356.16159
   151.6  356.20622
   151.7  356.25073
   151.8  356.29511
   151.9  356.33937
     152  356.38351
   152.1  356.42752
   152.2  356.47141
   152.3  356.51518
   152.4  356.55882
   152.5  356.60235
   152.6  356.64575
   152.7  356.68903
   152.8  356.73219
   152.9  356.77523
     153  356.81815
   153.1  356.86095
   153.2  356.90363
   153.3  356.94619
   153.4  356.98863
   153.5  357.03095
   153.6  357.07315
   153.7  357.11523
   153.8  357.1572
   153.9  357.19904
     154  357.24077
   154.1  357.28238
   154.2  357.32387
   154.3  357.36524
   154.4  357.4065
   154.5  357.44764
   154.6  357.48867
   154.7  357.52957
   154.8  357.57037
   154.9  357.61104
     155  357.6516
   155.1  357.69205
   155.2  357.73238
   155.3  357.77259
   155.4  357.81269
   155.5  357.85268
   155.6  357.89255
   155.7  357.93231
   155.8  357.97196
   155.9  358.01149
     156  358.05091
   156.1  358.09021
   156.2  358.1294
   156.3  358.16848
   156.4  358.20745
   156.5  358.24631
   156.6  358.28506
   156.7  358.32369
   156.8  358.36221
   156.9  358.40063
     157  358.43893
   157.1  358.47712
   157.2  358.5152
   157.3  358.55317
   157.4  358.59103
   157.5  358.62879
   157.6  358.66643
   157.7  358.70396
   157.8  358.74139
   157.9  358.77871
     158  358.81592
   158.1  358.85302
   158.2  358.89001
   158.3  358.9269
   158.4  358.96368
   158.5  359.00035
   158.6  359.03692
   158.7  359.07338
   158.8  359.10974
   158.9  359.14598
     159  359.18213
   159.1  359.21816
   159.2  359.2541
   159.3  359.28992
   159.4  359.32565
   159.5  359.36127
   159.6  359.39678
   159.7  359.43219
   159.8  359.4675
   159.9  359.5027
     160  359.5378
   160.1  359.5728
   160.2  359.6077
   160.3  359.64249
   160.4  359.67718
   160.5  359.71177
   160.6  359.74626
   160.7  359.78065
   160.8  359.81493
   160.9  359.84912
     161  359.8832
   161.1  359.91719
   161.2  359.95107
   161.3  359.98485
   161.4  360.01854
   161.5  360.05212
   161.6  360.08561
   161.7   360.119
   161.8  360.15228
   161.9  360.18548
     162  360.21857
   162.1  360.25156
   162.2  360.28446
   162.3  360.31726
   162.4  360.34996
   162.5  360.38257
   162.6  360.41508
   162.7  360.44749
   162.8  360.47981
   162.9  360.51203
     163  360.54415
   163.1  360.57618
   163.2  360.60812
   163.3  360.63996
   163.4  360.6717
   163.5  360.70336
   163.6  360.73491
   163.7  360.76638
   163.8  360.79775
   163.9  360.82902
     164  360.86021
   164.1  360.8913
   164.2  360.9223
   164.3  360.9532
   164.4  360.98402
   164.5  361.01474
   164.6  361.04537
   164.7  361.07591
   164.8  361.10636
   164.9  361.13671
     165  361.16698
   165.1  361.19716
   165.2  361.22724
   165.3  361.25724
   165.4  361.28715
   165.5  361.31696
   165.6  361.34669
   165.7  361.37633
   165.8  361.40588
   165.9  361.43535
     166  361.46472
   166.1  361.49401
   166.2  361.52321
   166.3  361.55232
   166.4  361.58135
   166.5  361.61029
   166.6  361.63914
   166.7  361.6679
   166.8  361.69658
   166.9  361.72518
     167  361.75368
   167.1  361.78211
   167.2  361.81044
   167.3  361.8387
   167.4  361.86687
   167.5  361.89495
   167.6  361.92295
   167.7  361.95087
   167.8  361.9787
   167.9  362.00645
     168  362.03412
   168.1  362.0617
   168.2  362.0892
   168.3  362.11662
   168.4  362.14396
   168.5  362.17121
   168.6  362.19838
   168.7  362.22548
   168.8  362.25249
   168.9  362.27942
     169  362.30627
   169.1  362.33303
   169.2  362.35972
   169.3  362.38633
   169.4  362.41286
   169.5  362.43931
   169.6  362.46569
   169.7  362.49198
   169.8  362.51819
   169.9  362.54433
     170  362.57039
   170.1  362.59637
   170.2  362.62227
   170.3  362.64809
   170.4  362.67384
   170.5  362.69951
   170.6  362.72511
   170.7  362.75063
   170.8  362.77607
   170.9  362.80143
     171  362.82672
   171.1  362.85194
   171.2  362.87708
   171.3  362.90215
   171.4  362.92714
   171.5  362.95205
   171.6  362.9769
   171.7  363.00167
   171.8  363.02636
   171.9  363.05098
     172  363.07553
   172.1  363.10001
   172.2  363.12441
   172.3  363.14875
   172.4   363.173
   172.5  363.19719
   172.6  363.22131
   172.7  363.24535
   172.8  363.26933
   172.9  363.29323
     173  363.31706
   173.1  363.34082
   173.2  363.36452
   173.3  363.38814
   173.4  363.41169
   173.5  363.43517
   173.6  363.45859
   173.7  363.48193
   173.8  363.50521
   173.9  363.52842
     174  363.55156
   174.1  363.57463
   174.2  363.59764
   174.3  363.62058
   174.4  363.64345
   174.5  363.66625
   174.6  363.68899
   174.7  363.71166
   174.8  363.73426
   174.9  363.7568
     175  363.77928
   175.1  363.80169
   175.2  363.82403
   175.3  363.84631
   175.4  363.86852
   175.5  363.89067
   175.6  363.91276
   175.7  363.93478
   175.8  363.95674
   175.9  363.97863
     176  364.00047
   176.1  364.02223
   176.2  364.04394
   176.3  364.06559
   176.4  364.08717
   176.5  364.10869
   176.6  364.13015
   176.7  364.15154
   176.8  364.17288
   176.9  364.19416
     177  364.21537
   177.1  364.23653
   177.2  364.25762
   177.3  364.27866
   177.4  364.29963
   177.5  364.32055
   177.6  364.34141
   177.7  364.3622
   177.8  364.38294
   177.9  364.40363
     178  364.42425
   178.1  364.44482
   178.2  364.46532
   178.3  364.48577
   178.4  364.50617
   178.5  364.5265
   178.6  364.54679
   178.7  364.56701
   178.8  364.58718
   178.9  364.60729
     179  364.62735
   179.1  364.64735
   179.2  364.66729
   179.3  364.68719
   179.4  364.70702
   179.5  364.72681
   179.6  364.74653
   179.7  364.76621
   179.8  364.78583
   179.9  364.8054
     180  364.82491
   180.1  364.84438
   180.2  364.86379
   180.3  364.88314
   180.4  364.90245
   180.5  364.9217
   180.6  364.9409
   180.7  364.96005
   180.8  364.97915
   180.9  364.9982
     181  365.0172
   181.1  365.03615
   181.2  365.05505
   181.3  365.07389
   181.4  365.09269
   181.5  365.11144
   181.6  365.13014
   181.7  365.14879
   181.8  365.1674
   181.9  365.18595
     182  365.20446
   182.1  365.22292
   182.2  365.24133
   182.3  365.25969
   182.4  365.27801
   182.5  365.29628
   182.6  365.3145
   182.7  365.33268
   182.8  365.35081
   182.9  365.36889
     183  365.38693
   183.1  365.40493
   183.2  365.42288
   183.3  365.44078
   183.4  365.45864
   183.5  365.47646
   183.6  365.49423
   183.7  365.51196
   183.8  365.52964
   183.9  365.54728
     184  365.56488
   184.1  365.58244
   184.2  365.59995
   184.3  365.61742
   184.4  365.63485
   184.5  365.65223
   184.6  365.66958
   184.7  365.68688
   184.8  365.70415
   184.9  365.72137
     185  365.73855
   185.1  365.75569
   185.2  365.77279
   185.3  365.78985
   185.4  365.80687
   185.5  365.82386
   185.6  365.8408
   185.7  365.8577
   185.8  365.87457
   185.9  365.8914
     186  365.90819
   186.1  365.92494
   186.2  365.94165
   186.3  365.95833
   186.4  365.97497
   186.5  365.99157
   186.6  366.00814
   186.7  366.02467
   186.8  366.04116
   186.9  366.05762
     187  366.07405
   187.1  366.09043
   187.2  366.10679
   187.3  366.1231
   187.4  366.13939
   187.5  366.15564
   187.6  366.17185
   187.7  366.18803
   187.8  366.20418
   187.9  366.22029
     188  366.23637
   188.1  366.25242
   188.2  366.26844
   188.3  366.28442
   188.4  366.30037
   188.5  366.31629
   188.6  366.33218
   188.7  366.34804
   188.8  366.36386
   188.9  366.37966
     189  366.39542
   189.1  366.41116
   189.2  366.42686
   189.3  366.44254
   189.4  366.45818
   189.5  366.4738
   189.6  366.48938
   189.7  366.50494
   189.8  366.52047
   189.9  366.53597
     190  366.55144
   190.1  366.56689
   190.2  366.5823
   190.3  366.5977
   190.4  366.61306
   190.5  366.62839
   190.6  366.6437
   190.7  366.65899
   190.8  366.67425
   190.9  366.68948
     191  366.70468
   191.1  366.71986
   191.2  366.73502
   191.3  366.75015
   191.4  366.76526
   191.5  366.78034
   191.6  366.7954
   191.7  366.81043
   191.8  366.82544
   191.9  366.84043
     192  366.85539
   192.1  366.87033
   192.2  366.88525
   192.3  366.90015
   192.4  366.91503
   192.5  366.92988
   192.6  366.94471
   192.7  366.95952
   192.8  366.97431
   192.9  366.98908
     193  367.00382
   193.1  367.01855
   193.2  367.03326
   193.3  367.04795
   193.4  367.06262
   193.5  367.07726
   193.6  367.09189
   193.7  367.1065
   193.8  367.1211
   193.9  367.13567
     194  367.15023
   194.1  367.16477
   194.2  367.17929
   194.3  367.19379
   194.4  367.20828
   194.5  367.22275
   194.6  367.2372
   194.7  367.25163
   194.8  367.26606
   194.9  367.28046
     195  367.29485
   195.1  367.30922
   195.2  367.32358
   195.3  367.33793
   195.4  367.35226
   195.5  367.36657
   195.6  367.38087
   195.7  367.39516
   195.8  367.40943
   195.9  367.4237
     196  367.43794
   196.1  367.45218
   196.2  367.4664
   196.3  367.48061
   196.4  367.49481
   196.5  367.50899
   196.6  367.52317
   196.7  367.53733
   196.8  367.55149
   196.9  367.56563
     197  367.57976
   197.1  367.59388
   197.2  367.60799
   197.3  367.62209
   197.4  367.63618
   197.5  367.65026
   197.6  367.66434
   197.7  367.6784
   197.8  367.69246
   197.9  367.7065
     198  367.72054
   198.1  367.73458
   198.2  367.7486
   198.3  367.76262
   198.4  367.77663
   198.5  367.79063
   198.6  367.80462
   198.7  367.81861
   198.8  367.8326
   198.9  367.84658
     199  367.86055
   199.1  367.87452
   199.2  367.88848
   199.3  367.90244
   199.4  367.91639
   199.5  367.93034
   199.6  367.94428
   199.7  367.95822
   199.8  367.97216
   199.9  367.9861
     200  368.00003
   200.1  368.01396
   200.2  368.02788
   200.3  368.0418
   200.4  368.05572
   200.5  368.06964
   200.6  368.08356
   200.7  368.09747
   200.8  368.11138
   200.9  368.12528
     201  368.13918
   201.1  368.15309
   201.2  368.16698
   201.3  368.18088
   201.4  368.19477
   201.5  368.20866
   201.6  368.22255
   201.7  368.23643
   201.8  368.25031
   201.9  368.26419
     202  368.27807
   202.1  368.29194
   202.2  368.30581
   202.3  368.31968
   202.4  368.33354
   202.5  368.3474
   202.6  368.36126
   202.7  368.37512
   202.8  368.38897
   202.9  368.40283
     203  368.41667
   203.1  368.43052
   203.2  368.44436
   203.3  368.4582
   203.4  368.47204
   203.5  368.48588
   203.6  368.49971
   203.7  368.51354
   203.8  368.52737
   203.9  368.54119
     204  368.55501
   204.1  368.56883
   204.2  368.58265
   204.3  368.59646
   204.4  368.61027
   204.5  368.62408
   204.6  368.63789
   204.7  368.65169
   204.8  368.66549
   204.9  368.67929
     205  368.69308
   205.1  368.70687
   205.2  368.72066
   205.3  368.73445
   205.4  368.74823
   205.5  368.76202
   205.6  368.7758
   205.7  368.78957
   205.8  368.80335
   205.9  368.81712
     206  368.83089
   206.1  368.84465
   206.2  368.85842
   206.3  368.87218
   206.4  368.88593
   206.5  368.89969
   206.6  368.91344
   206.7  368.92719
   206.8  368.94094
   206.9  368.95469
     207  368.96843
   207.1  368.98217
   207.2  368.99591
   207.3  369.00964
   207.4  369.02337
   207.5  369.0371
   207.6  369.05083
   207.7  369.06455
   207.8  369.07828
   207.9   369.092
     208  369.10571
   208.1  369.11943
   208.2  369.13314
   208.3  369.14685
   208.4  369.16055
   208.5  369.17426
   208.6  369.18796
   208.7  369.20166
   208.8  369.21535
   208.9  369.22905
     209  369.24274
   209.1  369.25643
   209.2  369.27011
   209.3  369.2838
   209.4  369.29748
   209.5  369.31116
   209.6  369.32483
   209.7  369.33851
   209.8  369.35218
   209.9  369.36585
     210  369.37951
   210.1  369.39317
   210.2  369.40684
   210.3  369.42049
   210.4  369.43415
   210.5  369.4478
   210.6  369.46145
   210.7  369.4751
   210.8  369.48875
   210.9  369.50239
     211  369.51603
   211.1  369.52967
   211.2  369.54331
   211.3  369.55694
   211.4  369.57057
   211.5  369.5842
   211.6  369.59783
   211.7  369.61145
   211.8  369.62507
   211.9  369.63869
     212  369.65231
   212.1  369.66592
   212.2  369.67953
   212.3  369.69314
   212.4  369.70675
   212.5  369.72035
   212.6  369.73395
   212.7  369.74755
   212.8  369.76115
   212.9  369.77474
     213  369.78833
   213.1  369.80192
   213.2  369.81551
   213.3  369.8291
   213.4  369.84268
   213.5  369.85626
   213.6  369.86984
   213.7  369.88341
   213.8  369.89698
   213.9  369.91055
     214  369.92412
   214.1  369.93769
   214.2  369.95125
   214.3  369.96481
   214.4  369.97837
   214.5  369.99192
   214.6  370.00548
   214.7  370.01903
   214.8  370.03258
   214.9  370.04612
     215  370.05967
   215.1  370.07321
   215.2  370.08675
   215.3  370.10028
   215.4  370.11382
   215.5  370.12735
   215.6  370.14088
   215.7  370.15441
   215.8  370.16793
   215.9  370.18145
     216  370.19497
   216.1  370.20849
   216.2  370.22201
   216.3  370.23552
   216.4  370.24903
   216.5  370.26254
   216.6  370.27605
   216.7  370.28955
   216.8  370.30305
   216.9  370.31655
     217  370.33005
   217.1  370.34354
   217.2  370.35704
   217.3  370.37053
   217.4  370.38401
   217.5  370.3975
   217.6  370.41098
   217.7  370.42446
   217.8  370.43794
   217.9  370.45142
     218  370.46489
   218.1  370.47836
   218.2  370.49183
   218.3  370.5053
   218.4  370.51876
   218.5  370.53223
   218.6  370.54569
   218.7  370.55915
   218.8  370.5726
   218.9  370.58605
     219  370.59951
   219.1  370.61296
   219.2  370.6264
   219.3  370.63985
   219.4  370.65329
   219.5  370.66673
   219.6  370.68017
   219.7  370.6936
   219.8  370.70703
   219.9  370.72047
     220  370.73389
   220.1  370.74732
   220.2  370.76075
   220.3  370.77417
   220.4  370.78759
   220.5   370.801
   220.6  370.81442
   220.7  370.82783
   220.8  370.84124
   220.9  370.85465
     221  370.86806
   221.1  370.88146
   221.2  370.89487
   221.3  370.90827
   221.4  370.92166
   221.5  370.93506
   221.6  370.94845
   221.7  370.96184
   221.8  370.97523
   221.9  370.98862
     222   371.002
   222.1  371.01539
   222.2  371.02877
   222.3  371.04215
   222.4  371.05552
   222.5  371.06889
   222.6  371.08227
   222.7  371.09564
   222.8   371.109
   222.9  371.12237
     223  371.13573
   223.1  371.14909
   223.2  371.16245
   223.3  371.17581
   223.4  371.18916
   223.5  371.20251
   223.6  371.21586
   223.7  371.22921
   223.8  371.24256
   223.9  371.2559
     224  371.26924
   224.1  371.28258
   224.2  371.29592
   224.3  371.30926
   224.4  371.32259
   224.5  371.33592
   224.6  371.34925
   224.7  371.36258
   224.8  371.3759
   224.9  371.38922
     225  371.40254
   225.1  371.41586
   225.2  371.42918
   225.3  371.44249
   225.4  371.45581
   225.5  371.46912
   225.6  371.48242
   225.7  371.49573
   225.8  371.50903
   225.9  371.52234
     226  371.53564
   226.1  371.54893
   226.2  371.56223
   226.3  371.57552
   226.4  371.58881
   226.5  371.6021
   226.6  371.61539
   226.7  371.62868
   226.8  371.64196
   226.9  371.65524
     227  371.66852
   227.1  371.6818
   227.2  371.69507
   227.3  371.70835
   227.4  371.72162
   227.5  371.73489
   227.6  371.74815
   227.7  371.76142
   227.8  371.77468
   227.9  371.78794
     228  371.8012
   228.1  371.81446
   228.2  371.82771
   228.3  371.84097
   228.4  371.85422
   228.5  371.86747
   228.6  371.88071
   228.7  371.89396
   228.8  371.9072
   228.9  371.92044
     229  371.93368
   229.1  371.94692
   229.2  371.96015
   229.3  371.97339
   229.4  371.98662
   229.5  371.99985
   229.6  372.01308
   229.7  372.0263
   229.8  372.03952
   229.9  372.05275
     230  372.06597
   230.1  372.07918
   230.2  372.0924
   230.3  372.10561
   230.4  372.11882
   230.5  372.13203
   230.6  372.14524
   230.7  372.15845
   230.8  372.17165
   230.9  372.18485
     231  372.19805
   231.1  372.21125
   231.2  372.22445
   231.3  372.23764
   231.4  372.25083
   231.5  372.26402
   231.6  372.27721
   231.7  372.2904
   231.8  372.30358
   231.9  372.31677
     232  372.32995
   232.1  372.34313
   232.2  372.3563
   232.3  372.36948
   232.4  372.38265
   232.5  372.39582
   232.6  372.40899
   232.7  372.42216
   232.8  372.43533
   232.9  372.44849
     233  372.46165
   233.1  372.47481
   233.2  372.48797
   233.3  372.50113
   233.4  372.51428
   233.5  372.52743
   233.6  372.54059
   233.7  372.55373
   233.8  372.56688
   233.9  372.58003
     234  372.59317
   234.1  372.60631
   234.2  372.61945
   234.3  372.63259
   234.4  372.64573
   234.5  372.65886
   234.6  372.67199
   234.7  372.68512
   234.8  372.69825
   234.9  372.71138
     235  372.72451
   235.1  372.73763
   235.2  372.75075
   235.3  372.76387
   235.4  372.77699
   235.5  372.7901
   235.6  372.80322
   235.7  372.81633
   235.8  372.82944
   235.9  372.84255
     236  372.85566
   236.1  372.86876
   236.2  372.88187
   236.3  372.89497
   236.4  372.90807
   236.5  372.92117
   236.6  372.93426
   236.7  372.94736
   236.8  372.96045
   236.9  372.97354
     237  372.98663
   237.1  372.99972
   237.2  373.01281
   237.3  373.02589
   237.4  373.03897
   237.5  373.05205
   237.6  373.06513
   237.7  373.07821
   237.8  373.09129
   237.9  373.10436
     238  373.11743
   238.1  373.1305
   238.2  373.14357
   238.3  373.15664
   238.4  373.1697
   238.5  373.18277
   238.6  373.19583
   238.7  373.20889
   238.8  373.22195
   238.9   373.235
     239  373.24806
   239.1  373.26111
   239.2  373.27416
   239.3  373.28721
   239.4  373.30026
   239.5  373.31331
   239.6  373.32635
   239.7  373.33939
   239.8  373.35244
   239.9  373.36547
     240  373.37851
   240.1  373.39155
   240.2  373.40458
   240.3  373.41762
   240.4  373.43065
   240.5  373.44368
   240.6  373.45671
   240.7  373.46973
   240.8  373.48276
   240.9  373.49578
     241  373.5088
   241.1  373.52182
   241.2  373.53484
   241.3  373.54786
   241.4  373.56087
   241.5  373.57388
   241.6  373.5869
   241.7  373.59991
   241.8  373.61291
   241.9  373.62592
     242  373.63893
   242.1  373.65193
   242.2  373.66493
   242.3  373.67793
   242.4  373.69093
   242.5  373.70393
   242.6  373.71692
   242.7  373.72992
   242.8  373.74291
   242.9  373.7559
     243  373.76889
   243.1  373.78187
   243.2  373.79486
   243.3  373.80784
   243.4  373.82083
   243.5  373.83381
   243.6  373.84679
   243.7  373.85977
   243.8  373.87274
   243.9  373.88572
     244  373.89869
   244.1  373.91166
   244.2  373.92463
   244.3  373.9376
   244.4  373.95057
   244.5  373.96353
   244.6  373.9765
   244.7  373.98946
   244.8  374.00242
   244.9  374.01538
     245  374.02834
   245.1  374.04129
   245.2  374.05425
   245.3  374.0672
   245.4  374.08015
   245.5  374.0931
   245.6  374.10605
   245.7   374.119
   245.8  374.13194
   245.9  374.14489
     246  374.15783
   246.1  374.17077
   246.2  374.18371
   246.3  374.19665
   246.4  374.20959
   246.5  374.22252
   246.6  374.23545
   246.7  374.24839
   246.8  374.26132
   246.9  374.27425
     247  374.28717
   247.1  374.3001
   247.2  374.31302
   247.3  374.32595
   247.4  374.33887
   247.5  374.35179
   247.6  374.36471
   247.7  374.37763
   247.8  374.39054
   247.9  374.40346
     248  374.41637
   248.1  374.42928
   248.2  374.44219
   248.3  374.4551
   248.4  374.46801
   248.5  374.48091
   248.6  374.49382
   248.7  374.50672
   248.8  374.51962
   248.9  374.53252
     249  374.54542
   249.1  374.55832
   249.2  374.57121
   249.3  374.58411
   249.4   374.597
   249.5  374.60989
   249.6  374.62278
   249.7  374.63567
   249.8  374.64856
   249.9  374.66144
     250  374.67433
   250.1  374.68721
   250.2  374.70009
   250.3  374.71297
   250.4  374.72585
   250.5  374.73873
   250.6  374.7516
   250.7  374.76448
   250.8  374.77735
   250.9  374.79022
     251  374.8031
   251.1  374.81596
   251.2  374.82883
   251.3  374.8417
   251.4  374.85456
   251.5  374.86743
   251.6  374.88029
   251.7  374.89315
   251.8  374.90601
   251.9  374.91887
     252  374.93173
   252.1  374.94458
   252.2  374.95744
   252.3  374.97029
   252.4  374.98314
   252.5  374.99599
   252.6  375.00884
   252.7  375.02169
   252.8  375.03454
   252.9  375.04738
     253  375.06022
   253.1  375.07307
   253.2  375.08591
   253.3  375.09875
   253.4  375.11159
   253.5  375.12442
   253.6  375.13726
   253.7  375.1501
   253.8  375.16293
   253.9  375.17576
     254  375.18859
   254.1  375.20142
   254.2  375.21425
   254.3  375.22708
   254.4  375.2399
   254.5  375.25273
   254.6  375.26555
   254.7  375.27837
   254.8  375.29119
   254.9  375.30401
     255  375.31683
   255.1  375.32965
   255.2  375.34246
   255.3  375.35528
   255.4  375.36809
   255.5  375.3809
   255.6  375.39371
   255.7  375.40652
   255.8  375.41933
   255.9  375.43214
     256  375.44494
   256.1  375.45775
   256.2  375.47055
   256.3  375.48335
   256.4  375.49615
   256.5  375.50895
   256.6  375.52175
   256.7  375.53455
   256.8  375.54734
   256.9  375.56014
     257  375.57293
   257.1  375.58573
   257.2  375.59852
   257.3  375.61131
   257.4  375.6241
   257.5  375.63688
   257.6  375.64967
   257.7  375.66245
   257.8  375.67524
   257.9  375.68802
     258  375.7008
   258.1  375.71358
   258.2  375.72636
   258.3  375.73914
   258.4  375.75192
   258.5  375.76469
   258.6  375.77747
   258.7  375.79024
   258.8  375.80302
   258.9  375.81579
     259  375.82856
   259.1  375.84133
   259.2  375.85409
   259.3  375.86686
   259.4  375.87963
   259.5  375.89239
   259.6  375.90515
   259.7  375.91792
   259.8  375.93068
   259.9  375.94344
     260  375.9562
   260.1  375.96895
   260.2  375.98171
   260.3  375.99447
   260.4  376.00722
   260.5  376.01997
   260.6  376.03273
   260.7  376.04548
   260.8  376.05823
   260.9  376.07097
     261  376.08372
   261.1  376.09647
   261.2  376.10922
   261.3  376.12196
   261.4  376.1347
   261.5  376.14745
   261.6  376.16019
   261.7  376.17293
   261.8  376.18567
   261.9  376.1984
     262  376.21114
   262.1  376.22388
   262.2  376.23661
   262.3  376.24935
   262.4  376.26208
   262.5  376.27481
   262.6  376.28754
   262.7  376.30027
   262.8   376.313
   262.9  376.32573
     263  376.33845
   263.1  376.35118
   263.2  376.3639
   263.3  376.37663
   263.4  376.38935
   263.5  376.40207
   263.6  376.41479
   263.7  376.42751
   263.8  376.44023
   263.9  376.45295
     264  376.46566
   264.1  376.47838
   264.2  376.49109
   264.3  376.50381
   264.4  376.51652
   264.5  376.52923
   264.6  376.54194
   264.7  376.55465
   264.8  376.56736
   264.9  376.58007
     265  376.59277
   265.1  376.60548
   265.2  376.61818
   265.3  376.63089
   265.4  376.64359
   265.5  376.65629
   265.6  376.66899
   265.7  376.68169
   265.8  376.69439
   265.9  376.70709
     266  376.71978
   266.1  376.73248
   266.2  376.74517
   266.3  376.75787
   266.4  376.77056
   266.5  376.78325
   266.6  376.79594
   266.7  376.80863
   266.8  376.82132
   266.9  376.83401
     267  376.8467
   267.1  376.85939
   267.2  376.87207
   267.3  376.88476
   267.4  376.89744
   267.5  376.91012
   267.6  376.92281
   267.7  376.93549
   267.8  376.94817
   267.9  376.96085
     268  376.97352
   268.1  376.9862
   268.2  376.99888
   268.3  377.01155
   268.4  377.02423
   268.5  377.0369
   268.6  377.04958
   268.7  377.06225
   268.8  377.07492
   268.9  377.08759
     269  377.10026
   269.1  377.11293
   269.2  377.1256
   269.3  377.13826
   269.4  377.15093
   269.5  377.16359
   269.6  377.17626
   269.7  377.18892
   269.8  377.20159
   269.9  377.21425
     270  377.22691
   270.1  377.23957
   270.2  377.25223
   270.3  377.26489
   270.4  377.27754
   270.5  377.2902
   270.6  377.30286
   270.7  377.31551
   270.8  377.32817
   270.9  377.34082
     271  377.35347
   271.1  377.36613
   271.2  377.37878
   271.3  377.39143
   271.4  377.40408
   271.5  377.41673
   271.6  377.42937
   271.7  377.44202
   271.8  377.45467
   271.9  377.46731
     272  377.47996
   272.1  377.4926
   272.2  377.50524
   272.3  377.51789
   272.4  377.53053
   272.5  377.54317
   272.6  377.55581
   272.7  377.56845
   272.8  377.58109
   272.9  377.59373
     273  377.60636
   273.1   377.619
   273.2  377.63164
   273.3  377.64427
   273.4  377.6569
   273.5  377.66954
   273.6  377.68217
   273.7  377.6948
   273.8  377.70743
   273.9  377.72006
     274  377.73269
   274.1  377.74532
   274.2  377.75795
   274.3  377.77058
   274.4  377.78321
   274.5  377.79583
   274.6  377.80846
   274.7  377.82108
   274.8  377.83371
   274.9  377.84633
     275  377.85895
   275.1  377.87157
   275.2  377.8842
   275.3  377.89682
   275.4  377.90944
   275.5  377.92206
   275.6  377.93467
   275.7  377.94729
   275.8  377.95991
   275.9  377.97253
     276  377.98514
   276.1  377.99776
   276.2  378.01037
   276.3  378.02298
   276.4  378.0356
   276.5  378.04821
   276.6  378.06082
   276.7  378.07343
   276.8  378.08604
   276.9  378.09865
     277  378.11126
   277.1  378.12387
   277.2  378.13648
   277.3  378.14909
   277.4  378.16169
   277.5  378.1743
   277.6  378.1869
   277.7  378.19951
   277.8  378.21211
   277.9  378.22472
     278  378.23732
   278.1  378.24992
   278.2  378.26252
   278.3  378.27513
   278.4  378.28773
   278.5  378.30033
   278.6  378.31293
   278.7  378.32552
   278.8  378.33812
   278.9  378.35072
     279  378.36332
   279.1  378.37591
   279.2  378.38851
   279.3  378.4011
   279.4  378.4137
   279.5  378.42629
   279.6  378.43889
   279.7  378.45148
   279.8  378.46407
   279.9  378.47666
     280  378.48925
   280.1  378.50184
   280.2  378.51443
   280.3  378.52702
   280.4  378.53961
   280.5  378.5522
   280.6  378.56479
   280.7  378.57738
   280.8  378.58996
   280.9  378.60255
     281  378.61514
   281.1  378.62772
   281.2  378.64031
   281.3  378.65289
   281.4  378.66547
   281.5  378.67806
   281.6  378.69064
   281.7  378.70322
   281.8  378.7158
   281.9  378.72838
     282  378.74096
   282.1  378.75354
   282.2  378.76612
   282.3  378.7787
   282.4  378.79128
   282.5  378.80386
   282.6  378.81644
   282.7  378.82901
   282.8  378.84159
   282.9  378.85417
     283  378.86674
   283.1  378.87932
   283.2  378.89189
   283.3  378.90447
   283.4  378.91704
   283.5  378.92961
   283.6  378.94219
   283.7  378.95476
   283.8  378.96733
   283.9  378.9799
     284  378.99247
   284.1  379.00504
   284.2  379.01761
   284.3  379.03018
   284.4  379.04275
   284.5  379.05532
   284.6  379.06789
   284.7  379.08046
   284.8  379.09303
   284.9  379.10559
     285  379.11816
   285.1  379.13073
   285.2  379.14329
   285.3  379.15586
   285.4  379.16842
   285.5  379.18099
   285.6  379.19355
   285.7  379.20612
   285.8  379.21868
   285.9  379.23124
     286  379.24381
   286.1  379.25637
   286.2  379.26893
   286.3  379.28149
   286.4  379.29405
   286.5  379.30661
   286.6  379.31917
   286.7  379.33173
   286.8  379.34429
   286.9  379.35685
     287  379.36941
   287.1  379.38197
   287.2  379.39453
   287.3  379.40709
   287.4  379.41964
   287.5  379.4322
   287.6  379.44476
   287.7  379.45731
   287.8  379.46987
   287.9  379.48243
     288  379.49498
   288.1  379.50754
   288.2  379.52009
   288.3  379.53264
   288.4  379.5452
   288.5  379.55775
   288.6  379.57031
   288.7  379.58286
   288.8  379.59541
   288.9  379.60796
     289  379.62052
   289.1  379.63307
   289.2  379.64562
   289.3  379.65817
   289.4  379.67072
   289.5  379.68327
   289.6  379.69582
   289.7  379.70837
   289.8  379.72092
   289.9  379.73347
     290  379.74602
   290.1  379.75857
   290.2  379.77112
   290.3  379.78367
   290.4  379.79622
   290.5  379.80876
   290.6  379.82131
   290.7  379.83386
   290.8  379.84641
   290.9  379.85895
     291  379.8715
   291.1  379.88405
   291.2  379.89659
   291.3  379.90914
   291.4  379.92168
   291.5  379.93423
   291.6  379.94677
   291.7  379.95932
   291.8  379.97186
   291.9  379.98441
     292  379.99695
   292.1  380.0095
   292.2  380.02204
   292.3  380.03458
   292.4  380.04713
   292.5  380.05967
   292.6  380.07221
   292.7  380.08475
   292.8  380.0973
   292.9  380.10984
     293  380.12238
   293.1  380.13492
   293.2  380.14746
   293.3  380.16001
   293.4  380.17255
   293.5  380.18509
   293.6  380.19763
   293.7  380.21017
   293.8  380.22271
   293.9  380.23525
     294  380.24779
   294.1  380.26033
   294.2  380.27287
   294.3  380.28541
   294.4  380.29795
   294.5  380.31049
   294.6  380.32303
   294.7  380.33557
   294.8  380.34811
   294.9  380.36065
     295  380.37319
   295.1  380.38572
   295.2  380.39826
   295.3  380.4108
   295.4  380.42334
   295.5  380.43588
   295.6  380.44841
   295.7  380.46095
   295.8  380.47349
   295.9  380.48603
     296  380.49857
   296.1  380.5111
   296.2  380.52364
   296.3  380.53618
   296.4  380.54871
   296.5  380.56125
   296.6  380.57379
   296.7  380.58632
   296.8  380.59886
   296.9  380.6114
     297  380.62393
   297.1  380.63647
   297.2  380.64901
   297.3  380.66154
   297.4  380.67408
   297.5  380.68661
   297.6  380.69915
   297.7  380.71169
   297.8  380.72422
   297.9  380.73676
     298  380.74929
   298.1  380.76183
   298.2  380.77437
   298.3  380.7869
   298.4  380.79944
   298.5  380.81197
   298.6  380.82451
   298.7  380.83704
   298.8  380.84958
   298.9  380.86211
     299  380.87465
   299.1  380.88718
   299.2  380.89972
   299.3  380.91225
   299.4  380.92479
   299.5  380.93732
   299.6  380.94986
   299.7  380.96239
   299.8  380.97493
   299.9  380.98747
     300       381
