     4.2, 0.11956382
     4.3, 0.12394897
     4.4, 0.12838196
     4.5, 0.13286203
     4.6, 0.13738842
     4.7, 0.14196042
     4.8, 0.14657732
     4.9, 0.15123847
       5, 0.15594322
     5.1, 0.16069095
     5.2, 0.16548106
     5.3, 0.17031297
     5.4, 0.17518613
     5.5, 0.18009999
     5.6, 0.18505404
     5.7, 0.19004777
     5.8, 0.19508068
     5.9, 0.20015231
       6, 0.20526219
     6.1, 0.21040988
     6.2, 0.21559495
     6.3, 0.22081696
     6.4, 0.22607552
     6.5, 0.23137023
     6.6, 0.2367007
     6.7, 0.24206655
     6.8, 0.24746741
     6.9, 0.25290294
       7, 0.25837278
     7.1, 0.26387659
     7.2, 0.26941405
     7.3, 0.27498483
     7.4, 0.28058862
     7.5, 0.28622511
     7.6, 0.291894
     7.7, 0.29759501
     7.8, 0.30332783
     7.9, 0.3090922
       8, 0.31488785
     8.1, 0.3207145
     8.2, 0.32657189
     8.3, 0.33245978
     8.4, 0.3383779
     8.5, 0.34432602
     8.6, 0.35030389
     8.7, 0.35631128
     8.8, 0.36234796
     8.9, 0.36841371
       9, 0.37450831
     9.1, 0.38063153
     9.2, 0.38678316
     9.3, 0.392963
     9.4, 0.39917085
     9.5, 0.4054065
     9.6, 0.41166975
     9.7, 0.41796041
     9.8, 0.4242783
     9.9, 0.43062322
      10, 0.436995
    10.1, 0.44339345
    10.2, 0.4498184
    10.3, 0.45626967
    10.4, 0.46274709
    10.5, 0.46925049
    10.6, 0.47577972
    10.7, 0.4823346
    10.8, 0.48891498
    10.9, 0.49552069
      11, 0.5021516
    11.1, 0.50880753
    11.2, 0.51548835
    11.3, 0.52219391
    11.4, 0.52892405
    11.5, 0.53567865
    11.6, 0.54245755
    11.7, 0.54926062
    11.8, 0.55608771
    11.9, 0.56293871
      12, 0.56981347
    12.1, 0.57671186
    12.2, 0.58363376
    12.3, 0.59057904
    12.4, 0.59754756
    12.5, 0.60453922
    12.6, 0.61155388
    12.7, 0.61859143
    12.8, 0.62565175
    12.9, 0.63273471
      13, 0.63984022
    13.1, 0.64696814
    13.2, 0.65411837
    13.3, 0.66129081
    13.4, 0.66848533
    13.5, 0.67570183
    13.6, 0.68294021
    13.7, 0.69020035
    13.8, 0.69748217
    13.9, 0.70478554
      14, 0.71211037
    14.1, 0.71945657
    14.2, 0.72682403
    14.3, 0.73421265
    14.4, 0.74162234
    14.5, 0.749053
    14.6, 0.75650454
    14.7, 0.76397687
    14.8, 0.77146988
    14.9, 0.7789835
      15, 0.78651763
    15.1, 0.79407218
    15.2, 0.80164707
    15.3, 0.80924221
    15.4, 0.8168575
    15.5, 0.82449288
    15.6, 0.83214824
    15.7, 0.83982352
    15.8, 0.84751862
    15.9, 0.85523347
      16, 0.86296798
    16.1, 0.87072208
    16.2, 0.87849568
    16.3, 0.88628872
    16.4, 0.8941011
    16.5, 0.90193276
    16.6, 0.90978362
    16.7, 0.91765361
    16.8, 0.92554264
    16.9, 0.93345066
      17, 0.94137757
    17.1, 0.94932332
    17.2, 0.95728784
    17.3, 0.96527104
    17.4, 0.97327287
    17.5, 0.98129324
    17.6, 0.98933211
    17.7, 0.99738939
    17.8, 1.005465
    17.9, 1.0135589
      18, 1.0216711
    18.1, 1.0298013
    18.2, 1.0379497
    18.3, 1.0461161
    18.4, 1.0543005
    18.5, 1.0625027
    18.6, 1.0707228
    18.7, 1.0789606
    18.8, 1.0872162
    18.9, 1.0954894
      19, 1.1037803
    19.1, 1.1120886
    19.2, 1.1204144
    19.3, 1.1287577
    19.4, 1.1371183
    19.5, 1.1454962
    19.6, 1.1538913
    19.7, 1.1623036
    19.8, 1.1707331
    19.9, 1.1791796
      20, 1.1876431
    20.1, 1.1961237
    20.2, 1.2046211
    20.3, 1.2131354
    20.4, 1.2216665
    20.5, 1.2302143
    20.6, 1.2387788
    20.7,  1.24736
    20.8, 1.2559578
    20.9, 1.2645721
      21, 1.273203
    21.1, 1.2818502
    21.2, 1.2905139
    21.3, 1.2991939
    21.4, 1.3078902
    21.5, 1.3166028
    21.6, 1.3253315
    21.7, 1.3340764
    21.8, 1.3428374
    21.9, 1.3516145
      22, 1.3604076
    22.1, 1.3692166
    22.2, 1.3780416
    22.3, 1.3868824
    22.4, 1.3957391
    22.5, 1.4046115
    22.6, 1.4134997
    22.7, 1.4224035
    22.8, 1.4313231
    22.9, 1.4402582
      23, 1.4492089
    23.1, 1.4581751
    23.2, 1.4671567
    23.3, 1.4761538
    23.4, 1.4851663
    23.5, 1.4941942
    23.6, 1.5032373
    23.7, 1.5122958
    23.8, 1.5213694
    23.9, 1.5304582
      24, 1.5395622
    24.1, 1.5486813
    24.2, 1.5578154
    24.3, 1.5669646
    24.4, 1.5761287
    24.5, 1.5853078
    24.6, 1.5945018
    24.7, 1.6037107
    24.8, 1.6129344
    24.9, 1.6221729
      25, 1.6314262
    25.1, 1.6406941
    25.2, 1.6499768
    25.3, 1.6592741
    25.4, 1.668586
    25.5, 1.6779125
    25.6, 1.6872535
    25.7, 1.696609
    25.8, 1.7059789
    25.9, 1.7153633
      26, 1.7247621
    26.1, 1.7341753
    26.2, 1.7436027
    26.3, 1.7530445
    26.4, 1.7625005
    26.5, 1.7719707
    26.6, 1.7814551
    26.7, 1.7909536
    26.8, 1.8004663
    26.9, 1.8099931
      27, 1.8195339
    27.1, 1.8290887
    27.2, 1.8386575
    27.3, 1.8482403
    27.4, 1.8578369
    27.5, 1.8674475
    27.6, 1.8770719
    27.7, 1.8867102
    27.8, 1.8963622
    27.9, 1.906028
      28, 1.9157075
    28.1, 1.9254008
    28.2, 1.9351077
    28.3, 1.9448282
    28.4, 1.9545623
    28.5,  1.96431
    28.6, 1.9740713
    28.7, 1.9838461
    28.8, 1.9936344
    28.9, 2.0034361
      29, 2.0132512
    29.1, 2.0230798
    29.2, 2.0329217
    29.3, 2.042777
    29.4, 2.0526455
    29.5, 2.0625274
    29.6, 2.0724225
    29.7, 2.0823308
    29.8, 2.0922524
    29.9, 2.1021871
      30, 2.1121349
    30.1, 2.1220959
    30.2, 2.1320699
    30.3, 2.1420571
    30.4, 2.1520572
    30.5, 2.1620704
    30.6, 2.1720965
    30.7, 2.1821356
    30.8, 2.1921876
    30.9, 2.2022525
      31, 2.2123303
    31.1, 2.2224209
    31.2, 2.2325244
    31.3, 2.2426406
    31.4, 2.2527696
    31.5, 2.2629114
    31.6, 2.2730659
    31.7, 2.283233
    31.8, 2.2934129
    31.9, 2.3036053
      32, 2.3138104
    32.1, 2.3240281
    32.2, 2.3342584
    32.3, 2.3445012
    32.4, 2.3547565
    32.5, 2.3650243
    32.6, 2.3753046
    32.7, 2.3855973
    32.8, 2.3959025
    32.9,  2.40622
      33,  2.41655
    33.1, 2.4268922
    33.2, 2.4372469
    33.3, 2.4476138
    33.4, 2.457993
    33.5, 2.4683844
    33.6, 2.4787881
    33.7, 2.489204
    33.8, 2.4996321
    33.9, 2.5100723
      34, 2.5205247
    34.1, 2.5309893
    34.2, 2.5414659
    34.3, 2.5519546
    34.4, 2.5624553
    34.5, 2.5729681
    34.6, 2.5834929
    34.7, 2.5940297
    34.8, 2.6045784
    34.9, 2.6151391
      35, 2.6257118
    35.1, 2.6362963
    35.2, 2.6468927
    35.3, 2.657501
    35.4, 2.6681211
    35.5, 2.678753
    35.6, 2.6893967
    35.7, 2.7000522
    35.8, 2.7107195
    35.9, 2.7213985
      36, 2.7320892
    36.1, 2.7427916
    36.2, 2.7535057
    36.3, 2.7642314
    36.4, 2.7749688
    36.5, 2.7857177
    36.6, 2.7964783
    36.7, 2.8072505
    36.8, 2.8180342
    36.9, 2.8288294
      37, 2.8396361
    37.1, 2.8504544
    37.2, 2.8612841
    37.3, 2.8721253
    37.4, 2.8829779
    37.5, 2.8938419
    37.6, 2.9047174
    37.7, 2.9156042
    37.8, 2.9265023
    37.9, 2.9374119
      38, 2.9483327
    38.1, 2.9592648
    38.2, 2.9702083
    38.3, 2.981163
    38.4, 2.9921289
    38.5, 3.0031061
    38.6, 3.0140945
    38.7, 3.025094
    38.8, 3.0361048
    38.9, 3.0471267
      39, 3.0581598
    39.1, 3.0692039
    39.2, 3.0802592
    39.3, 3.0913256
    39.4, 3.102403
    39.5, 3.1134915
    39.6, 3.1245911
    39.7, 3.1357016
    39.8, 3.1468231
    39.9, 3.1579557
      40, 3.1690991
    40.1, 3.1802536
    40.2, 3.1914189
    40.3, 3.2025952
    40.4, 3.2137824
    40.5, 3.2249804
    40.6, 3.2361894
    40.7, 3.2474091
    40.8, 3.2586397
    40.9, 3.2698811
      41, 3.2811333
    41.1, 3.2923963
    41.2,  3.30367
    41.3, 3.3149545
    41.4, 3.3262497
    41.5, 3.3375557
    41.6, 3.3488723
    41.7, 3.3601996
    41.8, 3.3715376
    41.9, 3.3828862
      42, 3.3942455
    42.1, 3.4056153
    42.2, 3.4169958
    42.3, 3.4283869
    42.4, 3.4397885
    42.5, 3.4512007
    42.6, 3.4626235
    42.7, 3.4740567
    42.8, 3.4855005
    42.9, 3.4969548
      43, 3.5084195
    43.1, 3.5198947
    43.2, 3.5313804
    43.3, 3.5428765
    43.4, 3.554383
    43.5, 3.5658999
    43.6, 3.5774272
    43.7, 3.5889648
    43.8, 3.6005129
    43.9, 3.6120712
      44, 3.6236399
    44.1, 3.6352189
    44.2, 3.6468083
    44.3, 3.6584079
    44.4, 3.6700177
    44.5, 3.6816378
    44.6, 3.6932682
    44.7, 3.7049088
    44.8, 3.7165596
    44.9, 3.7282206
      45, 3.7398918
    45.1, 3.7515732
    45.2, 3.7632647
    45.3, 3.7749663
    45.4, 3.7866781
    45.5,   3.7984
    45.6, 3.810132
    45.7, 3.8218741
    45.8, 3.8336263
    45.9, 3.8453885
      46, 3.8571607
    46.1, 3.868943
    46.2, 3.8807353
    46.3, 3.8925377
    46.4,  3.90435
    46.5, 3.9161722
    46.6, 3.9280045
    46.7, 3.9398467
    46.8, 3.9516988
    46.9, 3.9635609
      47, 3.9754329
    47.1, 3.9873147
    47.2, 3.9992065
    47.3, 4.0111081
    47.4, 4.0230196
    47.5, 4.034941
    47.6, 4.0468721
    47.7, 4.0588131
    47.8, 4.0707639
    47.9, 4.0827245
      48, 4.0946948
    48.1, 4.106675
    48.2, 4.1186649
    48.3, 4.1306645
    48.4, 4.1426739
    48.5, 4.154693
    48.6, 4.1667218
    48.7, 4.1787602
    48.8, 4.1908084
    48.9, 4.2028662
      49, 4.2149337
    49.1, 4.2270109
    49.2, 4.2390976
    49.3, 4.251194
    49.4,   4.2633
    49.5, 4.2754156
    49.6, 4.2875408
    49.7, 4.2996755
    49.8, 4.3118198
    49.9, 4.3239737
      50, 4.3361371
    50.1,  4.34831
    50.2, 4.3604924
    50.3, 4.3726843
    50.4, 4.3848857
    50.5, 4.3970966
    50.6, 4.409317
    50.7, 4.4215468
    50.8, 4.433786
    50.9, 4.4460347
      51, 4.4582928
    51.1, 4.4705603
    51.2, 4.4828371
    51.3, 4.4951234
    51.4, 4.5074191
    51.5, 4.5197241
    51.6, 4.5320384
    51.7, 4.5443621
    51.8, 4.5566952
    51.9, 4.5690375
      52, 4.5813891
    52.1, 4.5937501
    52.2, 4.6061203
    52.3, 4.6184998
    52.4, 4.6308885
    52.5, 4.6432865
    52.6, 4.6556938
    52.7, 4.6681102
    52.8, 4.6805359
    52.9, 4.6929708
      53, 4.7054149
    53.1, 4.7178681
    53.2, 4.7303306
    53.3, 4.7428022
    53.4, 4.7552829
    53.5, 4.7677728
    53.6, 4.7802719
    53.7,  4.79278
    53.8, 4.8052972
    53.9, 4.8178236
      54, 4.830359
    54.1, 4.8429036
    54.2, 4.8554571
    54.3, 4.8680198
    54.4, 4.8805915
    54.5, 4.8931722
    54.6, 4.9057619
    54.7, 4.9183607
    54.8, 4.9309685
    54.9, 4.9435852
      55, 4.956211
    55.1, 4.9688457
    55.2, 4.9814894
    55.3, 4.994142
    55.4, 5.0068036
    55.5, 5.0194741
    55.6, 5.0321536
    55.7, 5.0448419
    55.8, 5.0575392
    55.9, 5.0702453
      56, 5.0829604
    56.1, 5.0956843
    56.2, 5.1084171
    56.3, 5.1211587
    56.4, 5.1339092
    56.5, 5.1466685
    56.6, 5.1594366
    56.7, 5.1722136
    56.8, 5.1849994
    56.9, 5.1977939
      57, 5.2105973
    57.1, 5.2234094
    57.2, 5.2362303
    57.3, 5.2490599
    57.4, 5.2618983
    57.5, 5.2747455
    57.6, 5.2876013
    57.7, 5.3004659
    57.8, 5.3133392
    57.9, 5.3262212
      58, 5.3391119
    58.1, 5.3520113
    58.2, 5.3649193
    58.3, 5.377836
    58.4, 5.3907614
    58.5, 5.4036954
    58.6, 5.4166381
    58.7, 5.4295893
    58.8, 5.4425492
    58.9, 5.4555177
      59, 5.4684948
    59.1, 5.4814805
    59.2, 5.4944748
    59.3, 5.5074776
    59.4, 5.5204891
    59.5, 5.533509
    59.6, 5.5465375
    59.7, 5.5595746
    59.8, 5.5726202
    59.9, 5.5856743
      60, 5.5987369
    60.1, 5.611808
    60.2, 5.6248876
    60.3, 5.6379757
    60.4, 5.6510723
    60.5, 5.6641773
    60.6, 5.6772908
    60.7, 5.6904127
    60.8, 5.7035431
    60.9, 5.7166819
      61, 5.7298291
    61.1, 5.7429848
    61.2, 5.7561488
    61.3, 5.7693213
    61.4, 5.7825021
    61.5, 5.7956914
    61.6, 5.808889
    61.7, 5.8220949
    61.8, 5.8353092
    61.9, 5.8485319
      62, 5.8617629
    62.1, 5.8750022
    62.2, 5.8882499
    62.3, 5.9015058
    62.4, 5.9147701
    62.5, 5.9280427
    62.6, 5.9413235
    62.7, 5.9546127
    62.8, 5.9679101
    62.9, 5.9812158
      63, 5.9945297
    63.1, 6.0078519
    63.2, 6.0211823
    63.3, 6.0345209
    63.4, 6.0478678
    63.5, 6.0612229
    63.6, 6.0745862
    63.7, 6.0879577
    63.8, 6.1013374
    63.9, 6.1147252
      64, 6.1281213
    64.1, 6.1415255
    64.2, 6.1549379
    64.3, 6.1683584
    64.4, 6.1817871
    64.5, 6.1952239
    64.6, 6.2086688
    64.7, 6.2221219
    64.8, 6.235583
    64.9, 6.2490523
      65, 6.2625297
    65.1, 6.2760151
    65.2, 6.2895087
    65.3, 6.3030103
    65.4, 6.3165199
    65.5, 6.3300377
    65.6, 6.3435635
    65.7, 6.3570973
    65.8, 6.3706392
    65.9, 6.3841891
      66, 6.397747
    66.1, 6.4113129
    66.2, 6.4248868
    66.3, 6.4384688
    66.4, 6.4520587
    66.5, 6.4656566
    66.6, 6.4792625
    66.7, 6.4928763
    66.8, 6.5064981
    66.9, 6.5201279
      67, 6.5337656
    67.1, 6.5474113
    67.2, 6.5610648
    67.3, 6.5747263
    67.4, 6.5883958
    67.5, 6.6020731
    67.6, 6.6157583
    67.7, 6.6294514
    67.8, 6.6431525
    67.9, 6.6568614
      68, 6.6705781
    68.1, 6.6843027
    68.2, 6.6980352
    68.3, 6.7117756
    68.4, 6.7255238
    68.5, 6.7392798
    68.6, 6.7530436
    68.7, 6.7668153
    68.8, 6.7805948
    68.9, 6.7943821
      69, 6.8081772
    69.1, 6.8219801
    69.2, 6.8357908
    69.3, 6.8496093
    69.4, 6.8634355
    69.5, 6.8772695
    69.6, 6.8911113
    69.7, 6.9049608
    69.8, 6.9188181
    69.9, 6.9326831
      70, 6.9465558
    70.1, 6.9604363
    70.2, 6.9743245
    70.3, 6.9882204
    70.4, 7.002124
    70.5, 7.0160353
    70.6, 7.0299543
    70.7, 7.043881
    70.8, 7.0578153
    70.9, 7.0717573
      71, 7.085707
    71.1, 7.0996644
    71.2, 7.1136294
    71.3, 7.127602
    71.4, 7.1415823
    71.5, 7.1555702
    71.6, 7.1695658
    71.7, 7.1835689
    71.8, 7.1975797
    71.9, 7.2115981
      72, 7.225624
    72.1, 7.2396576
    72.2, 7.2536988
    72.3, 7.2677475
    72.4, 7.2818038
    72.5, 7.2958676
    72.6, 7.3099391
    72.7, 7.3240181
    72.8, 7.3381046
    72.9, 7.3521986
      73, 7.3663002
    73.1, 7.3804094
    73.2, 7.394526
    73.3, 7.4086502
    73.4, 7.4227818
    73.5, 7.436921
    73.6, 7.4510677
    73.7, 7.4652218
    73.8, 7.4793835
    73.9, 7.4935526
      74, 7.5077292
    74.1, 7.5219132
    74.2, 7.5361047
    74.3, 7.5503037
    74.4, 7.5645101
    74.5, 7.5787239
    74.6, 7.5929452
    74.7, 7.6071739
    74.8,  7.62141
    74.9, 7.6356536
      75, 7.6499045
    75.1, 7.6641629
    75.2, 7.6784286
    75.3, 7.6927017
    75.4, 7.7069822
    75.5, 7.7212701
    75.6, 7.7355654
    75.7, 7.749868
    75.8, 7.764178
    75.9, 7.7784954
      76, 7.7928201
    76.1, 7.8071521
    76.2, 7.8214915
    76.3, 7.8358382
    76.4, 7.8501922
    76.5, 7.8645535
    76.6, 7.8789222
    76.7, 7.8932981
    76.8, 7.9076814
    76.9, 7.9220719
      77, 7.9364698
    77.1, 7.9508749
    77.2, 7.9652873
    77.3, 7.979707
    77.4, 7.9941339
    77.5, 8.0085681
    77.6, 8.0230095
    77.7, 8.0374582
    77.8, 8.0519142
    77.9, 8.0663773
      78, 8.0808477
    78.1, 8.0953254
    78.2, 8.1098102
    78.3, 8.1243023
    78.4, 8.1388015
    78.5, 8.153308
    78.6, 8.1678217
    78.7, 8.1823425
    78.8, 8.1968705
    78.9, 8.2114058
      79, 8.2259481
    79.1, 8.2404977
    79.2, 8.2550544
    79.3, 8.2696183
    79.4, 8.2841893
    79.5, 8.2987675
    79.6, 8.3133528
    79.7, 8.3279452
    79.8, 8.3425448
    79.9, 8.3571515
      80, 8.3717653
    80.1, 8.3863862
    80.2, 8.4010142
    80.3, 8.4156494
    80.4, 8.4302916
    80.5, 8.4449409
    80.6, 8.4595973
    80.7, 8.4742608
    80.8, 8.4889313
    80.9, 8.503609
      81, 8.5182937
    81.1, 8.5329854
    81.2, 8.5476842
    81.3,  8.56239
    81.4, 8.5771029
    81.5, 8.5918228
    81.6, 8.6065498
    81.7, 8.6212837
    81.8, 8.6360247
    81.9, 8.6507727
      82, 8.6655278
    82.1, 8.6802898
    82.2, 8.6950588
    82.3, 8.7098348
    82.4, 8.7246178
    82.5, 8.7394078
    82.6, 8.7542047
    82.7, 8.7690087
    82.8, 8.7838196
    82.9, 8.7986374
      83, 8.8134622
    83.1, 8.828294
    83.2, 8.8431327
    83.3, 8.8579784
    83.4, 8.872831
    83.5, 8.8876905
    83.6, 8.902557
    83.7, 8.9174303
    83.8, 8.9323106
    83.9, 8.9471978
      84, 8.9620919
    84.1, 8.9769929
    84.2, 8.9919008
    84.3, 9.0068156
    84.4, 9.0217373
    84.5, 9.0366658
    84.6, 9.0516012
    84.7, 9.0665435
    84.8, 9.0814927
    84.9, 9.0964487
      85, 9.1114116
    85.1, 9.1263813
    85.2, 9.1413579
    85.3, 9.1563413
    85.4, 9.1713315
    85.5, 9.1863286
    85.6, 9.2013325
    85.7, 9.2163432
    85.8, 9.2313607
    85.9, 9.2463851
      86, 9.2614162
    86.1, 9.2764542
    86.2, 9.2914989
    86.3, 9.3065505
    86.4, 9.3216088
    86.5, 9.3366739
    86.6, 9.3517458
    86.7, 9.3668244
    86.8, 9.3819098
    86.9, 9.397002
      87, 9.4121009
    87.1, 9.4272066
    87.2, 9.4423191
    87.3, 9.4574382
    87.4, 9.4725641
    87.5, 9.4876968
    87.6, 9.5028362
    87.7, 9.5179823
    87.8, 9.5331351
    87.9, 9.5482946
      88, 9.5634608
    88.1, 9.5786338
    88.2, 9.5938134
    88.3, 9.6089998
    88.4, 9.6241928
    88.5, 9.6393925
    88.6, 9.6545989
    88.7, 9.669812
    88.8, 9.6850317
    88.9, 9.7002581
      89, 9.7154912
    89.1, 9.7307309
    89.2, 9.7459773
    89.3, 9.7612303
    89.4,  9.77649
    89.5, 9.7917563
    89.6, 9.8070292
    89.7, 9.8223088
    89.8, 9.837595
    89.9, 9.8528878
      90, 9.8681873
    90.1, 9.8834933
    90.2, 9.898806
    90.3, 9.9141252
    90.4, 9.9294511
    90.5, 9.9447835
    90.6, 9.9601226
    90.7, 9.9754682
    90.8, 9.9908204
    90.9, 10.006179
      91, 10.021545
    91.1, 10.036916
    91.2, 10.052295
    91.3, 10.06768
    91.4, 10.083072
    91.5, 10.09847
    91.6, 10.113874
    91.7, 10.129286
    91.8, 10.144703
    91.9, 10.160128
      92, 10.175558
    92.1, 10.190996
    92.2, 10.20644
    92.3, 10.22189
    92.4, 10.237347
    92.5, 10.25281
    92.6, 10.26828
    92.7, 10.283757
    92.8, 10.299239
    92.9, 10.314729
      93, 10.330225
    93.1, 10.345727
    93.2, 10.361236
    93.3, 10.376751
    93.4, 10.392273
    93.5, 10.407801
    93.6, 10.423336
    93.7, 10.438877
    93.8, 10.454424
    93.9, 10.469978
      94, 10.485539
    94.1, 10.501106
    94.2, 10.516679
    94.3, 10.532259
    94.4, 10.547845
    94.5, 10.563437
    94.6, 10.579036
    94.7, 10.594642
    94.8, 10.610253
    94.9, 10.625872
      95, 10.641496
    95.1, 10.657127
    95.2, 10.672765
    95.3, 10.688408
    95.4, 10.704059
    95.5, 10.719715
    95.6, 10.735378
    95.7, 10.751047
    95.8, 10.766723
    95.9, 10.782405
      96, 10.798093
    96.1, 10.813788
    96.2, 10.829489
    96.3, 10.845197
    96.4, 10.86091
    96.5, 10.87663
    96.6, 10.892357
    96.7, 10.90809
    96.8, 10.923829
    96.9, 10.939574
      97, 10.955326
    97.1, 10.971084
    97.2, 10.986848
    97.3, 11.002619
    97.4, 11.018396
    97.5, 11.034179
    97.6, 11.049968
    97.7, 11.065764
    97.8, 11.081566
    97.9, 11.097375
      98, 11.113189
    98.1, 11.12901
    98.2, 11.144837
    98.3, 11.160671
    98.4, 11.176511
    98.5, 11.192357
    98.6, 11.208209
    98.7, 11.224067
    98.8, 11.239932
    98.9, 11.255803
      99, 11.27168
    99.1, 11.287564
    99.2, 11.303453
    99.3, 11.319349
    99.4, 11.335251
    99.5, 11.35116
    99.6, 11.367074
    99.7, 11.382995
    99.8, 11.398922
    99.9, 11.414855
     100, 11.430794
   100.1, 11.44674
   100.2, 11.462692
   100.3, 11.47865
   100.4, 11.494614
   100.5, 11.510584
   100.6, 11.52656
   100.7, 11.542543
   100.8, 11.558532
   100.9, 11.574527
     101, 11.590528
   101.1, 11.606535
   101.2, 11.622549
   101.3, 11.638568
   101.4, 11.654594
   101.5, 11.670626
   101.6, 11.686664
   101.7, 11.702708
   101.8, 11.718758
   101.9, 11.734815
     102, 11.750877
   102.1, 11.766946
   102.2, 11.783021
   102.3, 11.799101
   102.4, 11.815188
   102.5, 11.831281
   102.6, 11.847381
   102.7, 11.863486
   102.8, 11.879597
   102.9, 11.895715
     103, 11.911838
   103.1, 11.927968
   103.2, 11.944104
   103.3, 11.960245
   103.4, 11.976393
   103.5, 11.992547
   103.6, 12.008707
   103.7, 12.024873
   103.8, 12.041045
   103.9, 12.057223
     104, 12.073408
   104.1, 12.089598
   104.2, 12.105794
   104.3, 12.121997
   104.4, 12.138205
   104.5, 12.154419
   104.6, 12.17064
   104.7, 12.186866
   104.8, 12.203099
   104.9, 12.219337
     105, 12.235582
   105.1, 12.251832
   105.2, 12.268089
   105.3, 12.284351
   105.4, 12.30062
   105.5, 12.316894
   105.6, 12.333175
   105.7, 12.349461
   105.8, 12.365754
   105.9, 12.382052
     106, 12.398357
   106.1, 12.414667
   106.2, 12.430984
   106.3, 12.447306
   106.4, 12.463634
   106.5, 12.479969
   106.6, 12.496309
   106.7, 12.512655
   106.8, 12.529007
   106.9, 12.545365
     107, 12.561729
   107.1, 12.578099
   107.2, 12.594475
   107.3, 12.610857
   107.4, 12.627245
   107.5, 12.643639
   107.6, 12.660038
   107.7, 12.676444
   107.8, 12.692855
   107.9, 12.709273
     108, 12.725696
   108.1, 12.742125
   108.2, 12.75856
   108.3, 12.775001
   108.4, 12.791448
   108.5, 12.807901
   108.6, 12.82436
   108.7, 12.840824
   108.8, 12.857295
   108.9, 12.873771
     109, 12.890253
   109.1, 12.906741
   109.2, 12.923235
   109.3, 12.939735
   109.4, 12.956241
   109.5, 12.972752
   109.6, 12.98927
   109.7, 13.005793
   109.8, 13.022322
   109.9, 13.038857
     110, 13.055398
   110.1, 13.071944
   110.2, 13.088497
   110.3, 13.105055
   110.4, 13.121619
   110.5, 13.138189
   110.6, 13.154765
   110.7, 13.171347
   110.8, 13.187934
   110.9, 13.204527
     111, 13.221126
   111.1, 13.237731
   111.2, 13.254342
   111.3, 13.270958
   111.4, 13.287581
   111.5, 13.304209
   111.6, 13.320843
   111.7, 13.337482
   111.8, 13.354128
   111.9, 13.370779
     112, 13.387436
   112.1, 13.404099
   112.2, 13.420767
   112.3, 13.437441
   112.4, 13.454121
   112.5, 13.470807
   112.6, 13.487499
   112.7, 13.504196
   112.8, 13.520899
   112.9, 13.537608
     113, 13.554323
   113.1, 13.571043
   113.2, 13.587769
   113.3, 13.604501
   113.4, 13.621238
   113.5, 13.637982
   113.6, 13.654731
   113.7, 13.671485
   113.8, 13.688246
   113.9, 13.705012
     114, 13.721784
   114.1, 13.738562
   114.2, 13.755345
   114.3, 13.772134
   114.4, 13.788929
   114.5, 13.805729
   114.6, 13.822535
   114.7, 13.839347
   114.8, 13.856164
   114.9, 13.872988
     115, 13.889817
   115.1, 13.906651
   115.2, 13.923491
   115.3, 13.940337
   115.4, 13.957189
   115.5, 13.974046
   115.6, 13.990909
   115.7, 14.007778
   115.8, 14.024652
   115.9, 14.041532
     116, 14.058417
   116.1, 14.075308
   116.2, 14.092205
   116.3, 14.109108
   116.4, 14.126016
   116.5, 14.14293
   116.6, 14.159849
   116.7, 14.176774
   116.8, 14.193705
   116.9, 14.210641
     117, 14.227583
   117.1, 14.244531
   117.2, 14.261484
   117.3, 14.278443
   117.4, 14.295407
   117.5, 14.312377
   117.6, 14.329353
   117.7, 14.346334
   117.8, 14.363321
   117.9, 14.380313
     118, 14.397311
   118.1, 14.414315
   118.2, 14.431324
   118.3, 14.448339
   118.4, 14.465359
   118.5, 14.482385
   118.6, 14.499417
   118.7, 14.516454
   118.8, 14.533496
   118.9, 14.550545
     119, 14.567598
   119.1, 14.584658
   119.2, 14.601723
   119.3, 14.618793
   119.4, 14.635869
   119.5, 14.652951
   119.6, 14.670038
   119.7, 14.687131
   119.8, 14.704229
   119.9, 14.721333
     120, 14.738442
   120.1, 14.755557
   120.2, 14.772677
   120.3, 14.789803
   120.4, 14.806935
   120.5, 14.824071
   120.6, 14.841214
   120.7, 14.858362
   120.8, 14.875515
   120.9, 14.892674
     121, 14.909839
   121.1, 14.927009
   121.2, 14.944185
   121.3, 14.961366
   121.4, 14.978552
   121.5, 14.995744
   121.6, 15.012942
   121.7, 15.030145
   121.8, 15.047353
   121.9, 15.064567
     122, 15.081787
   122.1, 15.099012
   122.2, 15.116242
   122.3, 15.133478
   122.4, 15.150719
   122.5, 15.167966
   122.6, 15.185218
   122.7, 15.202476
   122.8, 15.219739
   122.9, 15.237008
     123, 15.254282
   123.1, 15.271562
   123.2, 15.288847
   123.3, 15.306137
   123.4, 15.323433
   123.5, 15.340734
   123.6, 15.358041
   123.7, 15.375353
   123.8, 15.392671
   123.9, 15.409994
     124, 15.427323
   124.1, 15.444656
   124.2, 15.461996
   124.3, 15.479341
   124.4, 15.496691
   124.5, 15.514046
   124.6, 15.531407
   124.7, 15.548774
   124.8, 15.566146
   124.9, 15.583523
     125, 15.600905
   125.1, 15.618293
   125.2, 15.635687
   125.3, 15.653086
   125.4, 15.67049
   125.5, 15.687899
   125.6, 15.705314
   125.7, 15.722735
   125.8, 15.74016
   125.9, 15.757591
     126, 15.775028
   126.1, 15.79247
   126.2, 15.809917
   126.3, 15.827369
   126.4, 15.844827
   126.5, 15.862291
   126.6, 15.879759
   126.7, 15.897233
   126.8, 15.914713
   126.9, 15.932197
     127, 15.949687
   127.1, 15.967183
   127.2, 15.984684
   127.3, 16.00219
   127.4, 16.019701
   127.5, 16.037218
   127.6, 16.05474
   127.7, 16.072267
   127.8,  16.0898
   127.9, 16.107338
     128, 16.124881
   128.1, 16.14243
   128.2, 16.159984
   128.3, 16.177543
   128.4, 16.195108
   128.5, 16.212678
   128.6, 16.230253
   128.7, 16.247834
   128.8, 16.26542
   128.9, 16.283011
     129, 16.300607
   129.1, 16.318209
   129.2, 16.335816
   129.3, 16.353428
   129.4, 16.371046
   129.5, 16.388669
   129.6, 16.406297
   129.7, 16.42393
   129.8, 16.441569
   129.9, 16.459213
     130, 16.476862
   130.1, 16.494517
   130.2, 16.512176
   130.3, 16.529841
   130.4, 16.547512
   130.5, 16.565187
   130.6, 16.582868
   130.7, 16.600554
   130.8, 16.618246
   130.9, 16.635942
     131, 16.653644
   131.1, 16.671351
   131.2, 16.689063
   131.3, 16.706781
   131.4, 16.724504
   131.5, 16.742232
   131.6, 16.759965
   131.7, 16.777703
   131.8, 16.795447
   131.9, 16.813196
     132, 16.83095
   132.1, 16.848709
   132.2, 16.866474
   132.3, 16.884244
   132.4, 16.902019
   132.5, 16.919799
   132.6, 16.937584
   132.7, 16.955375
   132.8, 16.973171
   132.9, 16.990972
     133, 17.008778
   133.1, 17.026589
   133.2, 17.044406
   133.3, 17.062228
   133.4, 17.080054
   133.5, 17.097887
   133.6, 17.115724
   133.7, 17.133566
   133.8, 17.151414
   133.9, 17.169267
     134, 17.187125
   134.1, 17.204988
   134.2, 17.222857
   134.3, 17.24073
   134.4, 17.258609
   134.5, 17.276493
   134.6, 17.294382
   134.7, 17.312276
   134.8, 17.330175
   134.9, 17.34808
     135, 17.365989
   135.1, 17.383904
   135.2, 17.401824
   135.3, 17.419749
   135.4, 17.437679
   135.5, 17.455614
   135.6, 17.473555
   135.7, 17.491501
   135.8, 17.509451
   135.9, 17.527407
     136, 17.545368
   136.1, 17.563334
   136.2, 17.581305
   136.3, 17.599282
   136.4, 17.617263
   136.5, 17.63525
   136.6, 17.653241
   136.7, 17.671238
   136.8, 17.68924
   136.9, 17.707247
     137, 17.725259
   137.1, 17.743276
   137.2, 17.761299
   137.3, 17.779326
   137.4, 17.797359
   137.5, 17.815396
   137.6, 17.833439
   137.7, 17.851487
   137.8, 17.869539
   137.9, 17.887597
     138, 17.90566
   138.1, 17.923728
   138.2, 17.941802
   138.3, 17.95988
   138.4, 17.977963
   138.5, 17.996051
   138.6, 18.014145
   138.7, 18.032243
   138.8, 18.050347
   138.9, 18.068455
     139, 18.086569
   139.1, 18.104688
   139.2, 18.122812
   139.3, 18.14094
   139.4, 18.159074
   139.5, 18.177213
   139.6, 18.195357
   139.7, 18.213506
   139.8, 18.23166
   139.9, 18.249819
     140, 18.267983
   140.1, 18.286152
   140.2, 18.304327
   140.3, 18.322506
   140.4, 18.34069
   140.5, 18.358879
   140.6, 18.377074
   140.7, 18.395273
   140.8, 18.413477
   140.9, 18.431686
     141, 18.449901
   141.1, 18.46812
   141.2, 18.486344
   141.3, 18.504574
   141.4, 18.522808
   141.5, 18.541047
   141.6, 18.559292
   141.7, 18.577541
   141.8, 18.595796
   141.9, 18.614055
     142, 18.632319
   142.1, 18.650589
   142.2, 18.668863
   142.3, 18.687142
   142.4, 18.705426
   142.5, 18.723716
   142.6, 18.74201
   142.7, 18.760309
   142.8, 18.778613
   142.9, 18.796922
     143, 18.815236
   143.1, 18.833556
   143.2, 18.85188
   143.3, 18.870209
   143.4, 18.888543
   143.5, 18.906881
   143.6, 18.925225
   143.7, 18.943574
   143.8, 18.961928
   143.9, 18.980287
     144, 18.99865
   144.1, 19.017019
   144.2, 19.035393
   144.3, 19.053771
   144.4, 19.072154
   144.5, 19.090543
   144.6, 19.108936
   144.7, 19.127334
   144.8, 19.145738
   144.9, 19.164146
     145, 19.182559
   145.1, 19.200977
   145.2,  19.2194
   145.3, 19.237827
   145.4, 19.25626
   145.5, 19.274698
   145.6, 19.29314
   145.7, 19.311588
   145.8, 19.33004
   145.9, 19.348497
     146, 19.36696
   146.1, 19.385427
   146.2, 19.403899
   146.3, 19.422376
   146.4, 19.440857
   146.5, 19.459344
   146.6, 19.477836
   146.7, 19.496332
   146.8, 19.514833
   146.9, 19.53334
     147, 19.551851
   147.1, 19.570367
   147.2, 19.588888
   147.3, 19.607413
   147.4, 19.625944
   147.5, 19.64448
   147.6, 19.66302
   147.7, 19.681565
   147.8, 19.700115
   147.9, 19.71867
     148, 19.73723
   148.1, 19.755795
   148.2, 19.774365
   148.3, 19.792939
   148.4, 19.811518
   148.5, 19.830102
   148.6, 19.848691
   148.7, 19.867285
   148.8, 19.885884
   148.9, 19.904488
     149, 19.923096
   149.1, 19.941709
   149.2, 19.960327
   149.3, 19.97895
   149.4, 19.997578
   149.5, 20.016211
   149.6, 20.034848
   149.7, 20.05349
   149.8, 20.072137
   149.9, 20.090789
     150, 20.109446
   150.1, 20.128107
   150.2, 20.146774
   150.3, 20.165445
   150.4, 20.184121
   150.5, 20.202802
   150.6, 20.221487
   150.7, 20.240178
   150.8, 20.258873
   150.9, 20.277573
     151, 20.296278
   151.1, 20.314988
   151.2, 20.333702
   151.3, 20.352421
   151.4, 20.371146
   151.5, 20.389874
   151.6, 20.408608
   151.7, 20.427346
   151.8, 20.44609
   151.9, 20.464838
     152, 20.483591
   152.1, 20.502348
   152.2, 20.52111
   152.3, 20.539878
   152.4, 20.55865
   152.5, 20.577426
   152.6, 20.596208
   152.7, 20.614994
   152.8, 20.633785
   152.9, 20.652581
     153, 20.671381
   153.1, 20.690187
   153.2, 20.708997
   153.3, 20.727811
   153.4, 20.746631
   153.5, 20.765455
   153.6, 20.784284
   153.7, 20.803118
   153.8, 20.821957
   153.9,  20.8408
     154, 20.859648
   154.1, 20.878501
   154.2, 20.897359
   154.3, 20.916221
   154.4, 20.935088
   154.5, 20.95396
   154.6, 20.972836
   154.7, 20.991718
   154.8, 21.010604
   154.9, 21.029494
     155, 21.04839
   155.1, 21.06729
   155.2, 21.086195
   155.3, 21.105105
   155.4, 21.124019
   155.5, 21.142938
   155.6, 21.161862
   155.7, 21.18079
   155.8, 21.199724
   155.9, 21.218661
     156, 21.237604
   156.1, 21.256551
   156.2, 21.275503
   156.3, 21.29446
   156.4, 21.313422
   156.5, 21.332388
   156.6, 21.351359
   156.7, 21.370334
   156.8, 21.389314
   156.9, 21.408299
     157, 21.427289
   157.1, 21.446283
   157.2, 21.465282
   157.3, 21.484286
   157.4, 21.503294
   157.5, 21.522307
   157.6, 21.541325
   157.7, 21.560347
   157.8, 21.579374
   157.9, 21.598406
     158, 21.617443
   158.1, 21.636484
   158.2, 21.655529
   158.3, 21.67458
   158.4, 21.693635
   158.5, 21.712695
   158.6, 21.731759
   158.7, 21.750828
   158.8, 21.769902
   158.9, 21.78898
     159, 21.808063
   159.1, 21.827151
   159.2, 21.846243
   159.3, 21.86534
   159.4, 21.884442
   159.5, 21.903548
   159.6, 21.922659
   159.7, 21.941775
   159.8, 21.960895
   159.9, 21.98002
     160, 21.999149
   160.1, 22.018283
   160.2, 22.037422
   160.3, 22.056566
   160.4, 22.075714
   160.5, 22.094866
   160.6, 22.114023
   160.7, 22.133185
   160.8, 22.152352
   160.9, 22.171523
     161, 22.190699
   161.1, 22.209879
   161.2, 22.229064
   161.3, 22.248254
   161.4, 22.267448
   161.5, 22.286647
   161.6, 22.30585
   161.7, 22.325058
   161.8, 22.344271
   161.9, 22.363488
     162, 22.38271
   162.1, 22.401936
   162.2, 22.421167
   162.3, 22.440403
   162.4, 22.459643
   162.5, 22.478888
   162.6, 22.498137
   162.7, 22.517391
   162.8, 22.53665
   162.9, 22.555913
     163, 22.57518
   163.1, 22.594453
   163.2, 22.61373
   163.3, 22.633011
   163.4, 22.652297
   163.5, 22.671588
   163.6, 22.690883
   163.7, 22.710183
   163.8, 22.729487
   163.9, 22.748796
     164, 22.768109
   164.1, 22.787427
   164.2, 22.80675
   164.3, 22.826077
   164.4, 22.845409
   164.5, 22.864745
   164.6, 22.884086
   164.7, 22.903431
   164.8, 22.922781
   164.9, 22.942136
     165, 22.961495
   165.1, 22.980858
   165.2, 23.000227
   165.3, 23.019599
   165.4, 23.038976
   165.5, 23.058358
   165.6, 23.077744
   165.7, 23.097135
   165.8, 23.116531
   165.9, 23.135931
     166, 23.155335
   166.1, 23.174744
   166.2, 23.194157
   166.3, 23.213575
   166.4, 23.232998
   166.5, 23.252425
   166.6, 23.271857
   166.7, 23.291293
   166.8, 23.310733
   166.9, 23.330178
     167, 23.349628
   167.1, 23.369082
   167.2, 23.388541
   167.3, 23.408004
   167.4, 23.427472
   167.5, 23.446944
   167.6, 23.466421
   167.7, 23.485902
   167.8, 23.505388
   167.9, 23.524878
     168, 23.544373
   168.1, 23.563872
   168.2, 23.583375
   168.3, 23.602884
   168.4, 23.622396
   168.5, 23.641913
   168.6, 23.661435
   168.7, 23.680961
   168.8, 23.700492
   168.9, 23.720027
     169, 23.739567
   169.1, 23.759111
   169.2, 23.778659
   169.3, 23.798212
   169.4, 23.81777
   169.5, 23.837332
   169.6, 23.856898
   169.7, 23.876469
   169.8, 23.896045
   169.9, 23.915624
     170, 23.935209
   170.1, 23.954798
   170.2, 23.974391
   170.3, 23.993989
   170.4, 24.013591
   170.5, 24.033197
   170.6, 24.052808
   170.7, 24.072424
   170.8, 24.092044
   170.9, 24.111668
     171, 24.131297
   171.1, 24.150931
   171.2, 24.170568
   171.3, 24.190211
   171.4, 24.209857
   171.5, 24.229509
   171.6, 24.249164
   171.7, 24.268824
   171.8, 24.288489
   171.9, 24.308157
     172, 24.327831
   172.1, 24.347508
   172.2, 24.367191
   172.3, 24.386877
   172.4, 24.406568
   172.5, 24.426264
   172.6, 24.445964
   172.7, 24.465668
   172.8, 24.485377
   172.9, 24.50509
     173, 24.524807
   173.1, 24.544529
   173.2, 24.564256
   173.3, 24.583986
   173.4, 24.603722
   173.5, 24.623461
   173.6, 24.643205
   173.7, 24.662954
   173.8, 24.682707
   173.9, 24.702464
     174, 24.722225
   174.1, 24.741992
   174.2, 24.761762
   174.3, 24.781537
   174.4, 24.801316
   174.5,  24.8211
   174.6, 24.840888
   174.7, 24.86068
   174.8, 24.880477
   174.9, 24.900278
     175, 24.920084
   175.1, 24.939894
   175.2, 24.959708
   175.3, 24.979527
   175.4, 24.99935
   175.5, 25.019177
   175.6, 25.039009
   175.7, 25.058845
   175.8, 25.078686
   175.9, 25.098531
     176, 25.11838
   176.1, 25.138234
   176.2, 25.158092
   176.3, 25.177955
   176.4, 25.197822
   176.5, 25.217693
   176.6, 25.237568
   176.7, 25.257448
   176.8, 25.277333
   176.9, 25.297221
     177, 25.317114
   177.1, 25.337011
   177.2, 25.356913
   177.3, 25.376819
   177.4, 25.39673
   177.5, 25.416644
   177.6, 25.436563
   177.7, 25.456487
   177.8, 25.476415
   177.9, 25.496347
     178, 25.516283
   178.1, 25.536224
   178.2, 25.556169
   178.3, 25.576119
   178.4, 25.596073
   178.5, 25.616031
   178.6, 25.635993
   178.7, 25.65596
   178.8, 25.675931
   178.9, 25.695907
     179, 25.715886
   179.1, 25.73587
   179.2, 25.755859
   179.3, 25.775852
   179.4, 25.795849
   179.5, 25.81585
   179.6, 25.835856
   179.7, 25.855866
   179.8, 25.87588
   179.9, 25.895899
     180, 25.915922
   180.1, 25.935949
   180.2, 25.955981
   180.3, 25.976017
   180.4, 25.996057
   180.5, 26.016101
   180.6, 26.03615
   180.7, 26.056203
   180.8, 26.076261
   180.9, 26.096322
     181, 26.116388
   181.1, 26.136459
   181.2, 26.156533
   181.3, 26.176612
   181.4, 26.196695
   181.5, 26.216783
   181.6, 26.236874
   181.7, 26.25697
   181.8, 26.277071
   181.9, 26.297175
     182, 26.317284
   182.1, 26.337397
   182.2, 26.357515
   182.3, 26.377637
   182.4, 26.397763
   182.5, 26.417893
   182.6, 26.438027
   182.7, 26.458166
   182.8, 26.478309
   182.9, 26.498457
     183, 26.518608
   183.1, 26.538764
   183.2, 26.558924
   183.3, 26.579089
   183.4, 26.599257
   183.5, 26.61943
   183.6, 26.639607
   183.7, 26.659789
   183.8, 26.679975
   183.9, 26.700165
     184, 26.720359
   184.1, 26.740557
   184.2, 26.76076
   184.3, 26.780967
   184.4, 26.801178
   184.5, 26.821394
   184.6, 26.841613
   184.7, 26.861837
   184.8, 26.882065
   184.9, 26.902298
     185, 26.922535
   185.1, 26.942775
   185.2, 26.963021
   185.3, 26.98327
   185.4, 27.003524
   185.5, 27.023781
   185.6, 27.044043
   185.7, 27.06431
   185.8, 27.08458
   185.9, 27.104855
     186, 27.125134
   186.1, 27.145417
   186.2, 27.165705
   186.3, 27.185996
   186.4, 27.206292
   186.5, 27.226592
   186.6, 27.246896
   186.7, 27.267205
   186.8, 27.287518
   186.9, 27.307835
     187, 27.328156
   187.1, 27.348481
   187.2, 27.368811
   187.3, 27.389144
   187.4, 27.409482
   187.5, 27.429825
   187.6, 27.450171
   187.7, 27.470522
   187.8, 27.490876
   187.9, 27.511235
     188, 27.531598
   188.1, 27.551966
   188.2, 27.572337
   188.3, 27.592713
   188.4, 27.613093
   188.5, 27.633477
   188.6, 27.653866
   188.7, 27.674258
   188.8, 27.694655
   188.9, 27.715056
     189, 27.735461
   189.1, 27.75587
   189.2, 27.776283
   189.3, 27.796701
   189.4, 27.817123
   189.5, 27.837549
   189.6, 27.857979
   189.7, 27.878413
   189.8, 27.898852
   189.9, 27.919294
     190, 27.939741
   190.1, 27.960192
   190.2, 27.980647
   190.3, 28.001107
   190.4, 28.02157
   190.5, 28.042038
   190.6, 28.06251
   190.7, 28.082986
   190.8, 28.103466
   190.9, 28.12395
     191, 28.144438
   191.1, 28.164931
   191.2, 28.185428
   191.3, 28.205929
   191.4, 28.226434
   191.5, 28.246943
   191.6, 28.267456
   191.7, 28.287974
   191.8, 28.308495
   191.9, 28.329021
     192, 28.349551
   192.1, 28.370085
   192.2, 28.390624
   192.3, 28.411166
   192.4, 28.431712
   192.5, 28.452263
   192.6, 28.472818
   192.7, 28.493377
   192.8, 28.51394
   192.9, 28.534507
     193, 28.555078
   193.1, 28.575654
   193.2, 28.596233
   193.3, 28.616817
   193.4, 28.637405
   193.5, 28.657996
   193.6, 28.678593
   193.7, 28.699193
   193.8, 28.719797
   193.9, 28.740405
     194, 28.761018
   194.1, 28.781635
   194.2, 28.802255
   194.3, 28.82288
   194.4, 28.843509
   194.5, 28.864142
   194.6, 28.884779
   194.7, 28.905421
   194.8, 28.926066
   194.9, 28.946716
     195, 28.967369
   195.1, 28.988027
   195.2, 29.008689
   195.3, 29.029355
   195.4, 29.050025
   195.5, 29.070699
   195.6, 29.091377
   195.7, 29.112059
   195.8, 29.132746
   195.9, 29.153436
     196, 29.174131
   196.1, 29.194829
   196.2, 29.215532
   196.3, 29.236239
   196.4, 29.25695
   196.5, 29.277665
   196.6, 29.298384
   196.7, 29.319107
   196.8, 29.339834
   196.9, 29.360566
     197, 29.381301
   197.1, 29.40204
   197.2, 29.422784
   197.3, 29.443532
   197.4, 29.464283
   197.5, 29.485039
   197.6, 29.505799
   197.7, 29.526563
   197.8, 29.547331
   197.9, 29.568103
     198, 29.588879
   198.1, 29.609659
   198.2, 29.630443
   198.3, 29.651232
   198.4, 29.672024
   198.5, 29.69282
   198.6, 29.713621
   198.7, 29.734425
   198.8, 29.755234
   198.9, 29.776047
     199, 29.796863
   199.1, 29.817684
   199.2, 29.838509
   199.3, 29.859338
   199.4, 29.880171
   199.5, 29.901008
   199.6, 29.921849
   199.7, 29.942694
   199.8, 29.963543
   199.9, 29.984396
     200, 30.005253
   200.1, 30.026114
   200.2, 30.046979
   200.3, 30.067849
   200.4, 30.088722
   200.5, 30.109599
   200.6, 30.13048
   200.7, 30.151366
   200.8, 30.172255
   200.9, 30.193149
     201, 30.214046
   201.1, 30.234948
   201.2, 30.255853
   201.3, 30.276763
   201.4, 30.297676
   201.5, 30.318594
   201.6, 30.339516
   201.7, 30.360441
   201.8, 30.381371
   201.9, 30.402305
     202, 30.423242
   202.1, 30.444184
   202.2, 30.46513
   202.3, 30.486079
   202.4, 30.507033
   202.5, 30.527991
   202.6, 30.548953
   202.7, 30.569918
   202.8, 30.590888
   202.9, 30.611862
     203, 30.63284
   203.1, 30.653821
   203.2, 30.674807
   203.3, 30.695797
   203.4, 30.716791
   203.5, 30.737788
   203.6, 30.75879
   203.7, 30.779796
   203.8, 30.800806
   203.9, 30.821819
     204, 30.842837
   204.1, 30.863859
   204.2, 30.884885
   204.3, 30.905914
   204.4, 30.926948
   204.5, 30.947986
   204.6, 30.969027
   204.7, 30.990073
   204.8, 31.011122
   204.9, 31.032176
     205, 31.053234
   205.1, 31.074295
   205.2, 31.095361
   205.3, 31.11643
   205.4, 31.137504
   205.5, 31.158581
   205.6, 31.179662
   205.7, 31.200748
   205.8, 31.221837
   205.9, 31.242931
     206, 31.264028
   206.1, 31.285129
   206.2, 31.306234
   206.3, 31.327344
   206.4, 31.348457
   206.5, 31.369574
   206.6, 31.390695
   206.7, 31.41182
   206.8, 31.432949
   206.9, 31.454082
     207, 31.475219
   207.1, 31.49636
   207.2, 31.517504
   207.3, 31.538653
   207.4, 31.559806
   207.5, 31.580962
   207.6, 31.602123
   207.7, 31.623288
   207.8, 31.644456
   207.9, 31.665629
     208, 31.686805
   208.1, 31.707985
   208.2, 31.72917
   208.3, 31.750358
   208.4, 31.77155
   208.5, 31.792746
   208.6, 31.813946
   208.7, 31.83515
   208.8, 31.856358
   208.9, 31.87757
     209, 31.898785
   209.1, 31.920005
   209.2, 31.941229
   209.3, 31.962456
   209.4, 31.983688
   209.5, 32.004923
   209.6, 32.026162
   209.7, 32.047406
   209.8, 32.068653
   209.9, 32.089904
     210, 32.111159
   210.1, 32.132418
   210.2, 32.153681
   210.3, 32.174947
   210.4, 32.196218
   210.5, 32.217493
   210.6, 32.238771
   210.7, 32.260054
   210.8, 32.28134
   210.9, 32.30263
     211, 32.323924
   211.1, 32.345222
   211.2, 32.366524
   211.3, 32.38783
   211.4, 32.40914
   211.5, 32.430454
   211.6, 32.451771
   211.7, 32.473093
   211.8, 32.494418
   211.9, 32.515747
     212, 32.53708
   212.1, 32.558417
   212.2, 32.579758
   212.3, 32.601103
   212.4, 32.622452
   212.5, 32.643805
   212.6, 32.665161
   212.7, 32.686522
   212.8, 32.707886
   212.9, 32.729254
     213, 32.750626
   213.1, 32.772002
   213.2, 32.793382
   213.3, 32.814766
   213.4, 32.836153
   213.5, 32.857545
   213.6, 32.87894
   213.7, 32.900339
   213.8, 32.921743
   213.9, 32.94315
     214, 32.96456
   214.1, 32.985975
   214.2, 33.007394
   214.3, 33.028816
   214.4, 33.050243
   214.5, 33.071673
   214.6, 33.093107
   214.7, 33.114545
   214.8, 33.135987
   214.9, 33.157433
     215, 33.178882
   215.1, 33.200336
   215.2, 33.221793
   215.3, 33.243254
   215.4, 33.264719
   215.5, 33.286188
   215.6, 33.307661
   215.7, 33.329137
   215.8, 33.350618
   215.9, 33.372102
     216, 33.39359
   216.1, 33.415082
   216.2, 33.436578
   216.3, 33.458077
   216.4, 33.479581
   216.5, 33.501088
   216.6,  33.5226
   216.7, 33.544115
   216.8, 33.565634
   216.9, 33.587156
     217, 33.608683
   217.1, 33.630213
   217.2, 33.651748
   217.3, 33.673286
   217.4, 33.694828
   217.5, 33.716374
   217.6, 33.737923
   217.7, 33.759477
   217.8, 33.781034
   217.9, 33.802595
     218, 33.82416
   218.1, 33.845729
   218.2, 33.867302
   218.3, 33.888878
   218.4, 33.910458
   218.5, 33.932042
   218.6, 33.95363
   218.7, 33.975222
   218.8, 33.996818
   218.9, 34.018417
     219, 34.04002
   219.1, 34.061627
   219.2, 34.083238
   219.3, 34.104853
   219.4, 34.126471
   219.5, 34.148094
   219.6, 34.16972
   219.7, 34.19135
   219.8, 34.212983
   219.9, 34.234621
     220, 34.256262
   220.1, 34.277907
   220.2, 34.299556
   220.3, 34.321209
   220.4, 34.342866
   220.5, 34.364526
   220.6, 34.38619
   220.7, 34.407858
   220.8, 34.42953
   220.9, 34.451206
     221, 34.472885
   221.1, 34.494568
   221.2, 34.516255
   221.3, 34.537946
   221.4, 34.559641
   221.5, 34.581339
   221.6, 34.603041
   221.7, 34.624747
   221.8, 34.646457
   221.9, 34.66817
     222, 34.689888
   222.1, 34.711609
   222.2, 34.733334
   222.3, 34.755062
   222.4, 34.776795
   222.5, 34.798531
   222.6, 34.820271
   222.7, 34.842015
   222.8, 34.863762
   222.9, 34.885514
     223, 34.907269
   223.1, 34.929028
   223.2, 34.950791
   223.3, 34.972557
   223.4, 34.994327
   223.5, 35.016101
   223.6, 35.037879
   223.7, 35.059661
   223.8, 35.081446
   223.9, 35.103235
     224, 35.125028
   224.1, 35.146825
   224.2, 35.168625
   224.3, 35.190429
   224.4, 35.212237
   224.5, 35.234049
   224.6, 35.255864
   224.7, 35.277683
   224.8, 35.299506
   224.9, 35.321333
     225, 35.343164
   225.1, 35.364998
   225.2, 35.386836
   225.3, 35.408678
   225.4, 35.430523
   225.5, 35.452372
   225.6, 35.474225
   225.7, 35.496082
   225.8, 35.517942
   225.9, 35.539807
     226, 35.561675
   226.1, 35.583546
   226.2, 35.605422
   226.3, 35.627301
   226.4, 35.649184
   226.5, 35.671071
   226.6, 35.692961
   226.7, 35.714855
   226.8, 35.736753
   226.9, 35.758655
     227, 35.78056
   227.1, 35.80247
   227.2, 35.824383
   227.3, 35.846299
   227.4, 35.868219
   227.5, 35.890144
   227.6, 35.912071
   227.7, 35.934003
   227.8, 35.955938
   227.9, 35.977877
     228, 35.99982
   228.1, 36.021766
   228.2, 36.043716
   228.3, 36.06567
   228.4, 36.087628
   228.5, 36.109589
   228.6, 36.131554
   228.7, 36.153523
   228.8, 36.175496
   228.9, 36.197472
     229, 36.219452
   229.1, 36.241435
   229.2, 36.263423
   229.3, 36.285414
   229.4, 36.307409
   229.5, 36.329407
   229.6, 36.351409
   229.7, 36.373415
   229.8, 36.395425
   229.9, 36.417438
     230, 36.439455
   230.1, 36.461476
   230.2,  36.4835
   230.3, 36.505528
   230.4, 36.52756
   230.5, 36.549596
   230.6, 36.571635
   230.7, 36.593678
   230.8, 36.615725
   230.9, 36.637775
     231, 36.659829
   231.1, 36.681887
   231.2, 36.703948
   231.3, 36.726013
   231.4, 36.748082
   231.5, 36.770155
   231.6, 36.792231
   231.7, 36.814311
   231.8, 36.836394
   231.9, 36.858482
     232, 36.880573
   232.1, 36.902667
   232.2, 36.924765
   232.3, 36.946867
   232.4, 36.968973
   232.5, 36.991083
   232.6, 37.013196
   232.7, 37.035312
   232.8, 37.057433
   232.9, 37.079557
     233, 37.101685
   233.1, 37.123816
   233.2, 37.145951
   233.3, 37.16809
   233.4, 37.190232
   233.5, 37.212379
   233.6, 37.234528
   233.7, 37.256682
   233.8, 37.278839
   233.9,   37.301
     234, 37.323164
   234.1, 37.345332
   234.2, 37.367504
   234.3, 37.38968
   234.4, 37.411859
   234.5, 37.434042
   234.6, 37.456228
   234.7, 37.478418
   234.8, 37.500612
   234.9, 37.522809
     235, 37.545011
   235.1, 37.567215
   235.2, 37.589424
   235.3, 37.611636
   235.4, 37.633852
   235.5, 37.656071
   235.6, 37.678294
   235.7, 37.700521
   235.8, 37.722751
   235.9, 37.744985
     236, 37.767223
   236.1, 37.789464
   236.2, 37.811709
   236.3, 37.833957
   236.4, 37.85621
   236.5, 37.878465
   236.6, 37.900725
   236.7, 37.922988
   236.8, 37.945255
   236.9, 37.967525
     237, 37.989799
   237.1, 38.012077
   237.2, 38.034358
   237.3, 38.056643
   237.4, 38.078932
   237.5, 38.101224
   237.6, 38.12352
   237.7, 38.145819
   237.8, 38.168123
   237.9, 38.190429
     238, 38.21274
   238.1, 38.235054
   238.2, 38.257371
   238.3, 38.279693
   238.4, 38.302018
   238.5, 38.324346
   238.6, 38.346678
   238.7, 38.369014
   238.8, 38.391353
   238.9, 38.413696
     239, 38.436043
   239.1, 38.458393
   239.2, 38.480747
   239.3, 38.503105
   239.4, 38.525466
   239.5, 38.54783
   239.6, 38.570199
   239.7, 38.592571
   239.8, 38.614946
   239.9, 38.637325
     240, 38.659708
   240.1, 38.682095
   240.2, 38.704485
   240.3, 38.726878
   240.4, 38.749275
   240.5, 38.771676
   240.6, 38.794081
   240.7, 38.816489
   240.8,  38.8389
   240.9, 38.861315
     241, 38.883734
   241.1, 38.906157
   241.2, 38.928583
   241.3, 38.951012
   241.4, 38.973446
   241.5, 38.995882
   241.6, 39.018323
   241.7, 39.040767
   241.8, 39.063214
   241.9, 39.085666
     242, 39.10812
   242.1, 39.130579
   242.2, 39.153041
   242.3, 39.175506
   242.4, 39.197976
   242.5, 39.220448
   242.6, 39.242925
   242.7, 39.265404
   242.8, 39.287888
   242.9, 39.310375
     243, 39.332866
   243.1, 39.35536
   243.2, 39.377858
   243.3, 39.400359
   243.4, 39.422864
   243.5, 39.445373
   243.6, 39.467885
   243.7, 39.490401
   243.8, 39.51292
   243.9, 39.535443
     244, 39.557969
   244.1, 39.580499
   244.2, 39.603033
   244.3, 39.62557
   244.4, 39.648111
   244.5, 39.670655
   244.6, 39.693203
   244.7, 39.715754
   244.8, 39.738309
   244.9, 39.760868
     245, 39.78343
   245.1, 39.805996
   245.2, 39.828565
   245.3, 39.851138
   245.4, 39.873714
   245.5, 39.896294
   245.6, 39.918878
   245.7, 39.941465
   245.8, 39.964055
   245.9, 39.986649
     246, 40.009247
   246.1, 40.031848
   246.2, 40.054453
   246.3, 40.077062
   246.4, 40.099674
   246.5, 40.122289
   246.6, 40.144908
   246.7, 40.167531
   246.8, 40.190157
   246.9, 40.212787
     247, 40.23542
   247.1, 40.258057
   247.2, 40.280697
   247.3, 40.303341
   247.4, 40.325988
   247.5, 40.348639
   247.6, 40.371294
   247.7, 40.393952
   247.8, 40.416613
   247.9, 40.439279
     248, 40.461947
   248.1, 40.484619
   248.2, 40.507295
   248.3, 40.529974
   248.4, 40.552657
   248.5, 40.575344
   248.6, 40.598034
   248.7, 40.620727
   248.8, 40.643424
   248.9, 40.666124
     249, 40.688828
   249.1, 40.711536
   249.2, 40.734247
   249.3, 40.756962
   249.4, 40.77968
   249.5, 40.802401
   249.6, 40.825126
   249.7, 40.847855
   249.8, 40.870587
   249.9, 40.893323
     250, 40.916062
   250.1, 40.938805
   250.2, 40.961551
   250.3, 40.984301
   250.4, 41.007054
   250.5, 41.029811
   250.6, 41.052572
   250.7, 41.075336
   250.8, 41.098103
   250.9, 41.120874
     251, 41.143648
   251.1, 41.166426
   251.2, 41.189208
   251.3, 41.211993
   251.4, 41.234781
   251.5, 41.257573
   251.6, 41.280368
   251.7, 41.303167
   251.8, 41.32597
   251.9, 41.348776
     252, 41.371585
   252.1, 41.394398
   252.2, 41.417215
   252.3, 41.440035
   252.4, 41.462858
   252.5, 41.485685
   252.6, 41.508516
   252.7, 41.53135
   252.8, 41.554187
   252.9, 41.577028
     253, 41.599873
   253.1, 41.622721
   253.2, 41.645572
   253.3, 41.668427
   253.4, 41.691286
   253.5, 41.714147
   253.6, 41.737013
   253.7, 41.759882
   253.8, 41.782754
   253.9, 41.80563
     254, 41.828509
   254.1, 41.851392
   254.2, 41.874279
   254.3, 41.897169
   254.4, 41.920062
   254.5, 41.942959
   254.6, 41.965859
   254.7, 41.988763
   254.8, 42.01167
   254.9, 42.034581
     255, 42.057495
   255.1, 42.080412
   255.2, 42.103334
   255.3, 42.126258
   255.4, 42.149186
   255.5, 42.172118
   255.6, 42.195053
   255.7, 42.217992
   255.8, 42.240934
   255.9, 42.263879
     256, 42.286828
   256.1, 42.30978
   256.2, 42.332736
   256.3, 42.355696
   256.4, 42.378658
   256.5, 42.401625
   256.6, 42.424594
   256.7, 42.447568
   256.8, 42.470544
   256.9, 42.493524
     257, 42.516508
   257.1, 42.539495
   257.2, 42.562485
   257.3, 42.585479
   257.4, 42.608477
   257.5, 42.631478
   257.6, 42.654482
   257.7, 42.67749
   257.8, 42.700501
   257.9, 42.723516
     258, 42.746534
   258.1, 42.769556
   258.2, 42.792581
   258.3, 42.815609
   258.4, 42.838641
   258.5, 42.861677
   258.6, 42.884715
   258.7, 42.907758
   258.8, 42.930803
   258.9, 42.953853
     259, 42.976905
   259.1, 42.999961
   259.2, 43.023021
   259.3, 43.046084
   259.4, 43.06915
   259.5, 43.09222
   259.6, 43.115293
   259.7, 43.13837
   259.8, 43.16145
   259.9, 43.184534
     260, 43.207621
   260.1, 43.230711
   260.2, 43.253805
   260.3, 43.276903
   260.4, 43.300003
   260.5, 43.323108
   260.6, 43.346215
   260.7, 43.369326
   260.8, 43.392441
   260.9, 43.415559
     261, 43.43868
   261.1, 43.461805
   261.2, 43.484933
   261.3, 43.508065
   261.4,  43.5312
   261.5, 43.554339
   261.6, 43.57748
   261.7, 43.600626
   261.8, 43.623775
   261.9, 43.646927
     262, 43.670082
   262.1, 43.693241
   262.2, 43.716404
   262.3, 43.73957
   262.4, 43.762739
   262.5, 43.785912
   262.6, 43.809088
   262.7, 43.832267
   262.8, 43.85545
   262.9, 43.878637
     263, 43.901826
   263.1, 43.92502
   263.2, 43.948216
   263.3, 43.971416
   263.4, 43.99462
   263.5, 44.017826
   263.6, 44.041037
   263.7, 44.06425
   263.8, 44.087467
   263.9, 44.110688
     264, 44.133912
   264.1, 44.157139
   264.2, 44.18037
   264.3, 44.203604
   264.4, 44.226841
   264.5, 44.250082
   264.6, 44.273326
   264.7, 44.296574
   264.8, 44.319825
   264.9, 44.34308
     265, 44.366337
   265.1, 44.389599
   265.2, 44.412863
   265.3, 44.436131
   265.4, 44.459403
   265.5, 44.482678
   265.6, 44.505956
   265.7, 44.529237
   265.8, 44.552522
   265.9, 44.575811
     266, 44.599103
   266.1, 44.622398
   266.2, 44.645696
   266.3, 44.668998
   266.4, 44.692304
   266.5, 44.715612
   266.6, 44.738924
   266.7, 44.76224
   266.8, 44.785559
   266.9, 44.808881
     267, 44.832207
   267.1, 44.855536
   267.2, 44.878868
   267.3, 44.902204
   267.4, 44.925543
   267.5, 44.948886
   267.6, 44.972231
   267.7, 44.995581
   267.8, 45.018933
   267.9, 45.042289
     268, 45.065649
   268.1, 45.089012
   268.2, 45.112378
   268.3, 45.135747
   268.4, 45.15912
   268.5, 45.182496
   268.6, 45.205876
   268.7, 45.229259
   268.8, 45.252645
   268.9, 45.276035
     269, 45.299428
   269.1, 45.322825
   269.2, 45.346224
   269.3, 45.369628
   269.4, 45.393034
   269.5, 45.416444
   269.6, 45.439857
   269.7, 45.463274
   269.8, 45.486694
   269.9, 45.510117
     270, 45.533544
   270.1, 45.556974
   270.2, 45.580407
   270.3, 45.603844
   270.4, 45.627284
   270.5, 45.650728
   270.6, 45.674175
   270.7, 45.697625
   270.8, 45.721078
   270.9, 45.744535
     271, 45.767995
   271.1, 45.791459
   271.2, 45.814926
   271.3, 45.838396
   271.4, 45.86187
   271.5, 45.885347
   271.6, 45.908827
   271.7, 45.932311
   271.8, 45.955798
   271.9, 45.979288
     272, 46.002782
   272.1, 46.026279
   272.2, 46.049779
   272.3, 46.073283
   272.4, 46.09679
   272.5, 46.120301
   272.6, 46.143814
   272.7, 46.167331
   272.8, 46.190852
   272.9, 46.214375
     273, 46.237903
   273.1, 46.261433
   273.2, 46.284967
   273.3, 46.308504
   273.4, 46.332044
   273.5, 46.355588
   273.6, 46.379135
   273.7, 46.402685
   273.8, 46.426239
   273.9, 46.449796
     274, 46.473357
   274.1, 46.49692
   274.2, 46.520487
   274.3, 46.544058
   274.4, 46.567631
   274.5, 46.591209
   274.6, 46.614789
   274.7, 46.638373
   274.8, 46.661959
   274.9, 46.68555
     275, 46.709143
   275.1, 46.73274
   275.2, 46.756341
   275.3, 46.779944
   275.4, 46.803551
   275.5, 46.827161
   275.6, 46.850775
   275.7, 46.874392
   275.8, 46.898012
   275.9, 46.921635
     276, 46.945262
   276.1, 46.968892
   276.2, 46.992526
   276.3, 47.016162
   276.4, 47.039802
   276.5, 47.063446
   276.6, 47.087092
   276.7, 47.110742
   276.8, 47.134396
   276.9, 47.158052
     277, 47.181712
   277.1, 47.205375
   277.2, 47.229042
   277.3, 47.252712
   277.4, 47.276385
   277.5, 47.300061
   277.6, 47.323741
   277.7, 47.347424
   277.8, 47.37111
   277.9,  47.3948
     278, 47.418492
   278.1, 47.442189
   278.2, 47.465888
   278.3, 47.489591
   278.4, 47.513297
   278.5, 47.537006
   278.6, 47.560719
   278.7, 47.584435
   278.8, 47.608154
   278.9, 47.631877
     279, 47.655603
   279.1, 47.679332
   279.2, 47.703064
   279.3,  47.7268
   279.4, 47.750539
   279.5, 47.774281
   279.6, 47.798027
   279.7, 47.821775
   279.8, 47.845528
   279.9, 47.869283
     280, 47.893042
   280.1, 47.916804
   280.2, 47.940569
   280.3, 47.964337
   280.4, 47.988109
   280.5, 48.011884
   280.6, 48.035663
   280.7, 48.059444
   280.8, 48.083229
   280.9, 48.107018
     281, 48.130809
   281.1, 48.154604
   281.2, 48.178402
   281.3, 48.202203
   281.4, 48.226008
   281.5, 48.249816
   281.6, 48.273627
   281.7, 48.297441
   281.8, 48.321259
   281.9, 48.34508
     282, 48.368904
   282.1, 48.392731
   282.2, 48.416562
   282.3, 48.440396
   282.4, 48.464234
   282.5, 48.488074
   282.6, 48.511918
   282.7, 48.535765
   282.8, 48.559615
   282.9, 48.583469
     283, 48.607326
   283.1, 48.631186
   283.2, 48.655049
   283.3, 48.678916
   283.4, 48.702786
   283.5, 48.726659
   283.6, 48.750535
   283.7, 48.774415
   283.8, 48.798298
   283.9, 48.822184
     284, 48.846074
   284.1, 48.869966
   284.2, 48.893862
   284.3, 48.917762
   284.4, 48.941664
   284.5, 48.96557
   284.6, 48.989479
   284.7, 49.013391
   284.8, 49.037306
   284.9, 49.061225
     285, 49.085147
   285.1, 49.109072
   285.2, 49.133001
   285.3, 49.156932
   285.4, 49.180867
   285.5, 49.204806
   285.6, 49.228747
   285.7, 49.252692
   285.8, 49.27664
   285.9, 49.300591
     286, 49.324545
   286.1, 49.348503
   286.2, 49.372464
   286.3, 49.396428
   286.4, 49.420395
   286.5, 49.444366
   286.6, 49.468339
   286.7, 49.492317
   286.8, 49.516297
   286.9, 49.54028
     287, 49.564267
   287.1, 49.588257
   287.2, 49.61225
   287.3, 49.636247
   287.4, 49.660247
   287.5, 49.68425
   287.6, 49.708256
   287.7, 49.732265
   287.8, 49.756278
   287.9, 49.780294
     288, 49.804313
   288.1, 49.828335
   288.2, 49.85236
   288.3, 49.876389
   288.4, 49.900421
   288.5, 49.924456
   288.6, 49.948495
   288.7, 49.972536
   288.8, 49.996581
   288.9, 50.020629
     289, 50.044681
   289.1, 50.068735
   289.2, 50.092793
   289.3, 50.116854
   289.4, 50.140918
   289.5, 50.164985
   289.6, 50.189056
   289.7, 50.21313
   289.8, 50.237207
   289.9, 50.261287
     290, 50.285371
   290.1, 50.309457
   290.2, 50.333547
   290.3, 50.35764
   290.4, 50.381737
   290.5, 50.405836
   290.6, 50.429939
   290.7, 50.454045
   290.8, 50.478154
   290.9, 50.502266
     291, 50.526382
   291.1, 50.550501
   291.2, 50.574623
   291.3, 50.598748
   291.4, 50.622876
   291.5, 50.647008
   291.6, 50.671143
   291.7, 50.695281
   291.8, 50.719422
   291.9, 50.743566
     292, 50.767714
   292.1, 50.791865
   292.2, 50.816018
   292.3, 50.840176
   292.4, 50.864336
   292.5,  50.8885
   292.6, 50.912666
   292.7, 50.936836
   292.8, 50.96101
   292.9, 50.985186
     293, 51.009365
   293.1, 51.033548
   293.2, 51.057734
   293.3, 51.081923
   293.4, 51.106116
   293.5, 51.130311
   293.6, 51.15451
   293.7, 51.178712
   293.8, 51.202917
   293.9, 51.227125
     294, 51.251336
   294.1, 51.275551
   294.2, 51.299769
   294.3, 51.32399
   294.4, 51.348214
   294.5, 51.372441
   294.6, 51.396672
   294.7, 51.420906
   294.8, 51.445143
   294.9, 51.469383
     295, 51.493626
   295.1, 51.517872
   295.2, 51.542122
   295.3, 51.566375
   295.4, 51.590631
   295.5, 51.61489
   295.6, 51.639152
   295.7, 51.663418
   295.8, 51.687687
   295.9, 51.711958
     296, 51.736233
   296.1, 51.760512
   296.2, 51.784793
   296.3, 51.809078
   296.4, 51.833365
   296.5, 51.857656
   296.6, 51.88195
   296.7, 51.906247
   296.8, 51.930548
   296.9, 51.954851
     297, 51.979158
   297.1, 52.003468
   297.2, 52.027781
   297.3, 52.052097
   297.4, 52.076417
   297.5, 52.100739
   297.6, 52.125065
   297.7, 52.149394
   297.8, 52.173726
   297.9, 52.198061
     298, 52.222399
   298.1, 52.246741
   298.2, 52.271086
   298.3, 52.295433
   298.4, 52.319784
   298.5, 52.344139
   298.6, 52.368496
   298.7, 52.392856
   298.8, 52.41722
   298.9, 52.441587
     299, 52.465957
   299.1, 52.49033
   299.2, 52.514706
   299.3, 52.539085
   299.4, 52.563468
   299.5, 52.587853
   299.6, 52.612242
   299.7, 52.636634
   299.8, 52.661029
   299.9, 52.685428
     300, 52.709829
